NUM   TIPO   MODIF  MI ANOI MF ANOF
XXXX XXXXX XXXXXXXX XX XXXX XX XXXX
  97 POTEF   216.00  1 2020 12 2023
  97 GTMIN    86.40  1 2020 12 2023
  97 IPTER     0.00  1 2020  7 2020
  97 IPTER    17.87  8 2020  8 2020
  97 IPTER    23.09  9 2020  9 2020
  97 IPTER    12.66 10 2020 10 2020
  97 IPTER     0.00 11 2020 12 2020
 219 POTEF   157.17  6 2019 12 2019
 219 GTMIN    62.87  6 2019 12 2019
 220 POTEF    58.83  6 2019 12 2019
 220 GTMIN    23.53  6 2019 12 2019
  12 POTEF   529.20  6 2019 12 2023
  12 FCMAX     0.00  6 2019 12 2023
 153 POTEF    44.44  6 2019 12 2023
 153 FCMAX    84.99  6 2019 12 2023
  65 POTEF   254.80  6 2019 12 2023
  65 GTMIN   236.12  6 2019  8 2019
  65 GTMIN   220.37  9 2019  9 2019
  65 GTMIN   236.12 10 2019  2 2020
  65 GTMIN   220.89  3 2020  3 2020
  65 GTMIN   236.12  4 2020  4 2020
  65 GTMIN   220.89  5 2020  5 2020
  65 GTMIN   236.12  6 2020 10 2020
  65 GTMIN   220.37 11 2020 11 2020
  65 GTMIN   236.12 12 2020 12 2020
  65 GTMIN   198.04  1 2021  1 2021
  65 GTMIN   168.66  2 2021  2 2021
  65 GTMIN   236.12  3 2021  4 2021
  65 GTMIN   152.34  5 2021  5 2021
  65 GTMIN   220.37  6 2021  6 2021
  65 GTMIN   236.12  7 2021  7 2021
  65 GTMIN   152.34  8 2021  8 2021
  65 GTMIN   220.37  9 2021  9 2021
  65 GTMIN   236.12 10 2021 12 2021
  65 GTMIN   220.89  1 2022  1 2022
  65 GTMIN   236.12  2 2022  3 2022
  65 GTMIN   220.37  4 2022  4 2022
  65 GTMIN   236.12  5 2022  8 2022
  65 GTMIN   121.86 10 2022 10 2022
  65 GTMIN   236.12 11 2022 12 2022
  65 GTMIN   226.66  1 2023 12 2023
  65 IPTER     0.00  1 2020  2 2020
  65 IPTER     6.45  3 2020  3 2020
  65 IPTER     0.00  4 2020  4 2020
  65 IPTER     6.45  5 2020  5 2020
  65 IPTER     0.00  6 2020 10 2020
  65 IPTER     6.67 11 2020 11 2020
  65 IPTER     0.00 12 2020 12 2020
  65 IPTER    16.13  1 2021  1 2021
  65 IPTER    28.57  2 2021  2 2021
  65 IPTER     0.00  3 2021  4 2021
  65 IPTER    35.48  5 2021  5 2021
  65 IPTER     6.67  6 2021  6 2021
  65 IPTER     0.00  7 2021  7 2021
  65 IPTER    35.48  8 2021  8 2021
  65 IPTER     6.67  9 2021  9 2021
  65 IPTER     0.00 10 2021 12 2021
  65 IPTER     6.45  1 2022  1 2022
  65 IPTER     0.00  2 2022  3 2022
  65 IPTER     6.67  4 2022  4 2022
  65 IPTER     0.00  5 2022  8 2022
  65 IPTER   100.00  9 2022  9 2022
  65 IPTER    48.39 10 2022 10 2022
  65 IPTER     0.00 11 2022 12 2022
 183 POTEF   235.20  6 2019 12 2023
 183 GTMIN   201.50  6 2019 12 2023
 183 IPTER     4.01  6 2019 12 2023
 213 POTEF   320.65  6 2019 12 2019
 213 GTMIN     0.00 10 2019 10 2019
 213 GTMIN     0.00 11 2019 11 2019
 213 GTMIN     0.00 12 2019 12 2019
 214 POTEF    65.25  6 2019 12 2019
 214 GTMIN     0.00 10 2019 10 2019
 214 GTMIN     0.00 11 2019 11 2019
 214 GTMIN     0.00 12 2019 12 2019
  62 POTEF   385.90  1 2020 12 2023
  62 GTMIN     0.00  1 2020  1 2020
  62 GTMIN     0.00  2 2020  2 2020
  62 GTMIN     0.00  3 2020  3 2020
 110 POTEF   572.10  6 2019 12 2023
 110 FCMAX    65.51 10 2019 12 2023
 238 POTEF  1672.60  1 2023 12 2023
 238 GTMIN  1598.16  7 2023 10 2023
 238 GTMIN  1278.58 11 2023 11 2023
 155 POTEF   140.33  6 2019 12 2023
  54 POTEF    87.05  6 2019 12 2023
  15 POTEF   204.00  6 2019 12 2023
  15 GTMIN     0.00  6 2019  9 2019
  15 GTMIN     0.00 10 2019 10 2019
  15 GTMIN     0.00 11 2019 11 2019
  15 GTMIN     0.00 12 2019 12 2019
  15 GTMIN     0.00  1 2020  1 2020
  15 GTMIN     0.00  2 2020  2 2020
  15 GTMIN     0.00  3 2020  3 2020
  15 GTMIN     0.00  4 2020  4 2020
  15 GTMIN     0.00  5 2020  2 2022
  15 IPTER    11.29  1 2020  1 2020
  15 IPTER    12.07  2 2020  2 2020
  15 IPTER    13.71  3 2020  3 2020
  15 IPTER     3.33  4 2020  4 2020
  15 IPTER     8.06  5 2020  5 2020
  15 IPTER     4.17  6 2020  6 2020
  15 IPTER     8.06  7 2020  8 2020
  15 IPTER     8.33  9 2020  9 2020
  15 IPTER     8.06 10 2020 10 2020
  15 IPTER     8.33 11 2020 11 2020
  15 IPTER     4.03 12 2020 12 2020
  15 IPTER    14.52  1 2021  1 2021
  15 IPTER     9.82  2 2021  2 2021
  15 IPTER     5.65  3 2021  3 2021
  15 IPTER     2.50  4 2021  4 2021
  15 IPTER     3.23  5 2021  5 2021
  15 IPTER     5.83  6 2021  6 2021
  15 IPTER    10.48  7 2021  7 2021
  15 IPTER     4.03  8 2021  8 2021
  15 IPTER     3.33  9 2021  9 2021
  15 IPTER     7.26 10 2021 10 2021
  15 IPTER    11.67 11 2021 11 2021
  15 IPTER     4.84 12 2021 12 2021
 236 POTEF   565.50  1 2023 12 2023
 236 GTMIN   420.84  1 2023  4 2023
 236 GTMIN   420.84 11 2023 12 2023
 173 POTEF   200.00  6 2019 12 2023
 173 IPTER     0.00  1 2023 11 2023
 173 IPTER    22.58 12 2023 12 2023
 174 POTEF   126.78  6 2019 12 2023
 174 IPTER    19.35  1 2020  1 2020
 174 IPTER     0.00  2 2020  2 2020
 174 IPTER    41.94  3 2020  3 2020
 174 IPTER     0.00  4 2020  8 2020
 174 IPTER    20.00  9 2020  9 2020
 174 IPTER     0.00 10 2020  2 2021
 174 IPTER    80.65  3 2021  3 2021
 174 IPTER    96.67  4 2021  4 2021
 174 IPTER     0.00  5 2021  7 2021
 174 IPTER    80.65  8 2021  8 2021
 174 IPTER     0.00  9 2021  2 2022
 174 IPTER    70.97  3 2022  3 2022
 174 IPTER     0.00  4 2022  8 2022
 174 IPTER    63.33  9 2022  9 2022
 174 IPTER     0.00 10 2022 10 2022
 174 IPTER    20.00 11 2022 11 2022
 174 IPTER     0.00 12 2022  7 2023
 174 IPTER    19.35  8 2023  8 2023
 174 IPTER     0.00  9 2023 11 2023
 174 IPTER   100.00 12 2023 12 2023
 137 POTEF  1298.96  1 2021 12 2023
 229 POTEF    50.00 11 2020 12 2023
 229 GTMIN     6.86 11 2020 12 2023
 182 POTEF   175.56  6 2019 12 2023
 182 FCMAX    41.94  6 2019  6 2019
 182 FCMAX    44.07  7 2019  7 2019
 182 FCMAX    46.64  8 2019  8 2019
 182 FCMAX    49.21  9 2019  9 2019
 182 FCMAX    51.78 10 2019 10 2019
 182 FCMAX    54.35 11 2019 11 2019
 182 FCMAX    56.90 12 2019 12 2020
 182 FCMAX    80.00  1 2021 12 2023
  50 POTEF   200.00  6 2019 12 2023
  50 FCMAX     0.00  6 2019 12 2023
 230 POTEF     5.00  2 2020 12 2023
 230 GTMIN     0.00  2 2020 12 2023
   9 POTEF    25.00  6 2019 12 2023
   9 FCMAX     0.00  6 2019 12 2023
   4 POTEF   436.00  6 2019 12 2023
   4 FCMAX     0.00  6 2019 12 2023
  86 POTEF   500.00  6 2019 12 2023
  86 FCMAX    70.00  6 2019  3 2021
  86 FCMAX   100.00  4 2021 12 2023
  86 IPTER     0.00  1 2020  9 2020
  86 IPTER    32.74 10 2020 10 2020
  86 IPTER    35.00 11 2020 12 2020
  86 IPTER    36.13  1 2021  1 2021
  86 IPTER    70.00  2 2021  3 2021
  86 IPTER     0.00  4 2021 12 2021
 146 POTEF    41.40  1 2020 12 2023
 217 POTEF   134.25  6 2019 12 2019
 218 POTEF   215.75  6 2019 12 2019
 194 POTEF   340.00  6 2019 12 2023
 194 FCMAX     0.00  6 2019 12 2023
 223 POTEF    50.00  7 2021 12 2023
  90 POTEF   928.70  6 2019 12 2023
  47 POTEF  1036.00  1 2020 12 2023
  47 GTMIN   100.50  1 2020  9 2021
  47 GTMIN   100.50 10 2021 10 2021
  47 GTMIN   100.50 11 2021 11 2021
  47 GTMIN   100.50 12 2021 12 2021
  47 GTMIN   100.50  1 2022  1 2022
  47 GTMIN   100.50  2 2022  2 2022
  47 GTMIN   100.50  3 2022  3 2022
  47 GTMIN   100.50  4 2022  9 2022
  47 GTMIN   100.50 10 2022 10 2022
  47 GTMIN   100.50 11 2022 11 2022
  47 GTMIN   100.50 12 2022  1 2023
  47 GTMIN   100.50  2 2023  2 2023
  47 GTMIN   100.50  3 2023  3 2023
  47 GTMIN   100.50  4 2023  9 2023
  47 GTMIN   100.50 10 2023 10 2023
  47 GTMIN   100.50 11 2023 11 2023
  47 GTMIN   100.50 12 2023 12 2023
 215 POTEF   770.33  6 2019 12 2019
 215 GTMIN    74.73  6 2019 12 2019
 216 POTEF   265.67  6 2019 12 2019
 216 GTMIN    25.77  6 2019 12 2019
  68 POTEF   350.00  1 2020 12 2023
  49 POTEF   174.60  6 2019 12 2023
 108 POTEF    53.58  6 2019 12 2023
  48 POTEF   484.50  6 2019 12 2023
  48 FCMAX     0.00  6 2019 12 2023
 237 POTEF    50.00  4 2022 12 2023
 237 GTMIN    20.00  4 2022 12 2023
 156 POTEF   350.00  6 2019 12 2023
 156 FCMAX    91.43  6 2019 12 2023
 156 GTMIN   210.00  6 2019  5 2020
 156 GTMIN   210.00  7 2020  5 2021
 156 GTMIN   210.00  7 2021  5 2022
 156 GTMIN   210.00  7 2022  5 2023
 156 GTMIN   210.00  7 2023 12 2023
 156 IPTER     0.00  1 2020  5 2020
 156 IPTER   100.00  6 2020  6 2020
 156 IPTER     0.00  7 2020  5 2021
 156 IPTER   100.00  6 2021  6 2021
 156 IPTER     0.00  7 2021  5 2022
 156 IPTER   100.00  6 2022  6 2022
 156 IPTER     0.00  7 2022  5 2023
 156 IPTER   100.00  6 2023  6 2023
 156 IPTER     0.00  7 2023 12 2023
  64 POTEF   248.57  6 2019 12 2023
  28 POTEF    20.00  6 2019 12 2023
  28 FCMAX    90.00  6 2019 12 2023
  28 GTMIN    10.86  8 2019 12 2019
  28 GTMIN     2.80  1 2020  1 2020
  28 GTMIN    10.86  2 2020 12 2020
  28 GTMIN     2.80  1 2021  1 2021
  28 GTMIN    10.86  2 2021 12 2021
  28 GTMIN     2.80  1 2022  1 2022
  28 GTMIN    10.86  2 2022 12 2022
  28 GTMIN     2.80  1 2023  1 2023
  28 GTMIN    10.86  2 2023 12 2023
  28 IPTER    74.19  1 2020  1 2020
  28 IPTER     0.00  2 2020 12 2020
  28 IPTER    74.19  1 2021  1 2021
  28 IPTER     0.00  2 2021 12 2021
  28 IPTER    74.19  1 2022  1 2022
  28 IPTER     0.00  2 2022 12 2022
  28 IPTER    74.19  1 2023  1 2023
  28 IPTER     0.00  2 2023 12 2023
  26 POTEF   100.00  6 2019 12 2023
  26 FCMAX    90.00  6 2019 12 2023
  26 GTMIN    25.00  6 2019 10 2019
  26 GTMIN     0.00 11 2019 12 2019
  26 GTMIN    30.00  1 2020  1 2020
  26 GTMIN     0.00  2 2020  3 2020
  26 GTMIN    25.00  6 2020 10 2020
  26 GTMIN     0.00 11 2020 12 2020
  26 GTMIN    30.00  1 2021  1 2021
  26 GTMIN     0.00  2 2021  3 2021
  26 GTMIN    25.00  6 2021 10 2021
  26 GTMIN     0.00 11 2021 12 2021
  26 GTMIN    30.00  1 2022  1 2022
  26 GTMIN     0.00  2 2022  3 2022
  26 GTMIN    25.00  6 2022 10 2022
  26 GTMIN    30.00  1 2023  1 2023
  26 GTMIN    25.00  6 2023 10 2023
  27 POTEF   132.00  6 2019 12 2023
  27 FCMAX    90.91  6 2019 12 2023
  27 GTMIN    64.00  6 2019 12 2019
  27 GTMIN    87.99  1 2020  1 2020
  27 GTMIN     0.00  2 2020  3 2020
  27 GTMIN    33.00  4 2020 10 2020
  27 GTMIN     0.00 11 2020 12 2020
  27 GTMIN    87.99  1 2021  1 2021
  27 GTMIN     0.00  2 2021  3 2021
  27 GTMIN    33.00  4 2021 10 2021
  27 GTMIN     0.00 11 2021 12 2021
  27 GTMIN    87.99  1 2022  1 2022
  27 GTMIN     0.00  2 2022  3 2022
  27 GTMIN    33.00  4 2022 10 2022
  27 GTMIN    87.99  1 2023  1 2023
  27 GTMIN    33.00  4 2023 10 2023
  25 POTEF   262.00  6 2019 12 2023
  25 FCMAX    91.60  6 2019 12 2023
  25 GTMIN   208.00  6 2019  8 2019
  25 GTMIN   100.00  9 2019 11 2019
  25 GTMIN   208.00 12 2019 12 2019
  25 GTMIN   169.14  1 2020  1 2020
  25 GTMIN     0.00  2 2020  3 2020
  25 GTMIN   169.14  4 2020 11 2020
  25 GTMIN   160.00 12 2020 12 2020
  25 GTMIN   169.14  1 2021  1 2021
  25 GTMIN     0.00  2 2021  3 2021
  25 GTMIN   169.14  4 2021 11 2021
  25 GTMIN   160.00 12 2021 12 2021
  25 GTMIN   169.14  1 2022  1 2022
  25 GTMIN     0.00  2 2022  3 2022
  25 GTMIN   169.14  4 2022 11 2022
  25 GTMIN   160.00 12 2022 12 2022
  25 GTMIN   169.14  1 2023  1 2023
  25 GTMIN   169.14  4 2023 11 2023
  25 GTMIN   160.00 12 2023 12 2023
  24 POTEF   363.00  6 2019 12 2023
  24 FCMAX    92.29  6 2019 12 2023
  24 GTMIN   296.00  6 2019 12 2019
  24 GTMIN   244.37  1 2020  1 2020
  24 GTMIN     0.00  2 2020  3 2020
  24 GTMIN   244.37  4 2020  1 2021
  24 GTMIN     0.00  2 2021  3 2021
  24 GTMIN   244.37  4 2021  1 2022
  24 GTMIN     0.00  2 2022  3 2022
  24 GTMIN   244.37  4 2022  1 2023
  24 GTMIN   244.37  4 2023 12 2023
 107 POTEF   345.00  8 2019 12 2023
 107 GTMIN   170.00  8 2019 12 2023
  35 POTEF   639.90  6 2019 12 2023
  35 FCMAX     0.00  6 2019 12 2023
 109 POTEF    13.12  6 2019 12 2023
 109 FCMAX     0.00  6 2019  7 2020
 109 FCMAX   100.00  8 2020 12 2023
 111 POTEF    11.48  6 2019 12 2023
 111 FCMAX     0.00  6 2019  7 2020
 111 FCMAX   100.00  8 2020 12 2023
 112 POTEF    30.97  6 2019 12 2023
 113 POTEF    11.48  6 2019 12 2023
 113 FCMAX     0.00  6 2019  7 2020
 113 FCMAX   100.00  8 2020 12 2023
 235 POTEF   143.08 11 2020 12 2023
  52 POTEF   169.08  6 2019 12 2023
 117 POTEF    13.12  6 2019 12 2023
 117 FCMAX     0.00  6 2019  7 2020
 117 FCMAX   100.00  8 2020 12 2023
 119 POTEF    14.76  6 2019 12 2023
 119 FCMAX     0.00  6 2019  7 2020
 119 FCMAX   100.00  8 2020 12 2023
 121 POTEF    13.12  6 2019 12 2023
 121 FCMAX     0.00  6 2019  7 2020
 121 FCMAX   100.00  8 2020 12 2023
 125 POTEF    14.76  6 2019 12 2023
 125 FCMAX     0.00  6 2019  7 2020
 125 FCMAX   100.00  8 2020 12 2023
  74 POTEF   120.00  6 2019 12 2023
  74 FCMAX    22.25  6 2019 12 2023
  42 POTEF   326.60  6 2019 12 2023
  42 GTMIN   223.00  1 2020 12 2023
  53 POTEF   148.80  6 2019 12 2023
  53 IPTER     0.00  1 2020  2 2020
  53 IPTER     2.26  3 2020  3 2020
  53 IPTER     2.33  4 2020  4 2020
  53 IPTER     2.26  5 2020  5 2020
  53 IPTER    15.56  6 2020  6 2020
  53 IPTER    15.05  7 2020  7 2020
  53 IPTER     0.00  8 2020 10 2020
  53 IPTER     5.89 11 2020 11 2020
  53 IPTER    42.37 12 2020 12 2020
  53 IPTER    17.31  1 2021  1 2021
  53 IPTER     0.00  2 2021  9 2021
  53 IPTER    17.31 10 2021 10 2021
  53 IPTER    20.89 11 2021 11 2021
  53 IPTER    17.96 12 2021 12 2021
  53 IPTER     0.00  1 2022  2 2022
  53 IPTER     3.76  3 2022  3 2022
  53 IPTER     2.33  4 2022  4 2022
  53 IPTER     0.00  5 2022  9 2022
  53 IPTER    17.31 10 2022 10 2022
  53 IPTER    18.56 11 2022 11 2022
  53 IPTER    35.27 12 2022 12 2022
  53 IPTER     0.00  1 2023  8 2023
  53 IPTER     3.89  9 2023  9 2023
  53 IPTER    17.31 10 2023 10 2023
  53 IPTER    22.89 11 2023 11 2023
  53 IPTER    41.51 12 2023 12 2023
  55 POTEF   148.80  6 2019 12 2023
  55 IPTER     0.00  1 2020  3 2020
  55 IPTER     3.00  4 2020  4 2020
  55 IPTER     0.00  5 2020  7 2020
  55 IPTER    15.05  8 2020  8 2020
  55 IPTER    31.11  9 2020  9 2020
  55 IPTER     0.00 10 2020 11 2020
  55 IPTER     4.52 12 2020 12 2020
  55 IPTER     0.00  1 2021  2 2021
  55 IPTER    34.41  3 2021  3 2021
  55 IPTER     0.00  4 2021  6 2021
  55 IPTER    15.05  7 2021  7 2021
  55 IPTER     0.00  8 2021  9 2021
  55 IPTER     5.16 10 2021 10 2021
  55 IPTER    20.00 11 2021 11 2021
  55 IPTER     1.94 12 2021 12 2021
  55 IPTER     0.00  1 2022  6 2022
  55 IPTER    15.05  7 2022  7 2022
  55 IPTER     0.00  8 2022  9 2022
  55 IPTER     4.52 10 2022 10 2022
  55 IPTER     2.33 11 2022 11 2022
  55 IPTER    32.04 12 2022 12 2022
  55 IPTER     0.00  1 2023  1 2023
  55 IPTER     2.50  2 2023  2 2023
  55 IPTER     2.90  3 2023  3 2023
  55 IPTER     0.00  4 2023  6 2023
  55 IPTER    15.05  7 2023  7 2023
  55 IPTER    34.41  8 2023  8 2023
  55 IPTER    15.56  9 2023  9 2023
  55 IPTER    23.87 10 2023 10 2023
  55 IPTER     5.33 11 2023 11 2023
  55 IPTER     0.00 12 2023 12 2023
 127 POTEF    14.76  6 2019 12 2023
 127 FCMAX     0.00  6 2019  7 2020
 127 FCMAX   100.00  8 2020 12 2023
 133 POTEF    14.76  6 2019 12 2023
 133 FCMAX     0.00  6 2019  7 2020
 133 FCMAX   100.00  8 2020 12 2023
  57 POTEF   168.00  6 2019 12 2023
  57 FCMAX    98.03  6 2019 12 2023
 135 POTEF    13.12  6 2019 12 2023
 135 FCMAX     0.00  6 2019  7 2020
 135 FCMAX   100.00  8 2020 12 2023
 164 POTEF   147.16  6 2019 12 2023
 138 POTEF    13.12  6 2019 12 2023
 138 FCMAX     0.00  6 2019  7 2020
 138 FCMAX   100.00  8 2020 12 2023
 167 POTEF   720.28  6 2019 12 2023
 224 POTEF  1515.64  1 2020 12 2023
 160 POTEF    94.08  6 2019 12 2023
 160 IPTER     0.10  6 2019 12 2023
 162 POTEF   143.08 11 2020 12 2023
  98 POTEF   200.79  6 2019 12 2023
  98 FCMAX    56.56  6 2019  6 2019
  98 FCMAX    60.90  7 2019  7 2019
  98 FCMAX    65.26  8 2019  9 2019
  98 FCMAX    69.61 10 2019 10 2019
  98 FCMAX    73.96 11 2019 11 2019
  98 FCMAX    82.66 12 2019 12 2019
  98 FCMAX   100.00  1 2020 12 2023
 144 POTEF   136.20  6 2019 12 2023
 144 FCMAX    96.92  6 2019 12 2023
 151 POTEF    53.12  6 2019 12 2023
 161 POTEF    66.40  6 2019 12 2023
 161 FCMAX    82.50  6 2019 12 2023
 147 POTEF    28.02  6 2019 12 2023
 170 POTEF   381.26  6 2019 12 2023
 170 IPTER     0.76  1 2020  1 2020
 170 IPTER     1.01  2 2020  2 2020
 170 IPTER     1.52  3 2020  3 2020
 170 IPTER     0.39  4 2020  4 2020
 170 IPTER     0.76  5 2020  5 2020
 170 IPTER     1.57  6 2020  6 2020
 170 IPTER     0.57  7 2020  7 2020
 170 IPTER     0.95  8 2020  8 2020
 170 IPTER     1.18  9 2020  9 2020
 170 IPTER     1.90 10 2020 10 2020
 170 IPTER     0.59 11 2020 11 2020
 170 IPTER     2.47 12 2020 12 2020
 170 IPTER     2.28  1 2021  1 2021
 170 IPTER     0.63  2 2021  2 2021
 170 IPTER     0.76  3 2021  3 2021
 170 IPTER     2.55  4 2021  4 2021
 170 IPTER     0.57  5 2021  5 2021
 170 IPTER     0.78  6 2021  6 2021
 170 IPTER     0.57  7 2021  7 2021
 170 IPTER     2.66  8 2021  8 2021
 170 IPTER     0.98  9 2021  9 2021
 170 IPTER     0.95 10 2021 10 2021
 170 IPTER     2.35 11 2021 11 2021
 170 IPTER     1.33 12 2021  1 2022
 170 IPTER     1.47  2 2022  2 2022
 170 IPTER     2.85  3 2022  3 2022
 170 IPTER     0.20  4 2022  4 2022
 170 IPTER     1.71  5 2022  5 2022
 170 IPTER     3.14  6 2022  6 2022
 170 IPTER     0.76  7 2022  7 2022
 170 IPTER     0.57  8 2022  8 2022
 170 IPTER     4.71  9 2022  9 2022
 170 IPTER     0.95 10 2022 10 2022
 170 IPTER     0.20 11 2022 11 2022
 170 IPTER     1.90 12 2022 12 2022
 170 IPTER     3.04  1 2023  1 2023
 170 IPTER     1.47  2 2023  2 2023
 170 IPTER     0.57  3 2023  3 2023
 170 IPTER     7.25  4 2023  4 2023
 170 IPTER     1.71  5 2023  5 2023
 170 IPTER     1.37  6 2023  6 2023
 170 IPTER     0.76  7 2023  7 2023
 170 IPTER     2.66  8 2023  8 2023
 170 IPTER     0.39  9 2023  9 2023
 170 IPTER     1.33 10 2023 10 2023
 170 IPTER     3.14 11 2023 11 2023
 170 IPTER     1.33 12 2023 12 2023
  43 POTEF   185.90  6 2019 12 2023
  43 FCMAX    85.50  6 2019 12 2023
 152 POTEF    49.73  6 2019 12 2023
 159 POTEF   143.04  6 2019 12 2023
  67 POTEF   170.85  6 2019 12 2023
  69 POTEF   170.85  6 2019 12 2023
  96 POTEF   532.76  6 2019 12 2023
  96 GTMIN   348.80  6 2019  3 2020
  96 GTMIN   296.41  4 2020  4 2020
  96 GTMIN   302.78  5 2020  5 2020
  96 GTMIN   348.80  6 2020  3 2021
  96 GTMIN   329.36  4 2021  4 2021
  96 GTMIN   348.80  5 2021  3 2022
  96 GTMIN   329.36  4 2022  4 2022
  96 GTMIN   348.80  5 2022  4 2023
  96 GTMIN   192.66  5 2023  5 2023
  96 GTMIN   348.80  6 2023 12 2023
  96 IPTER     0.00  1 2020  3 2020
  96 IPTER    40.00  4 2020  4 2020
  96 IPTER    38.71  5 2020  5 2020
  96 IPTER     0.00  6 2020  3 2021
  96 IPTER    33.33  4 2021  4 2021
  96 IPTER    12.90  5 2021  5 2021
  96 IPTER     0.00  6 2021  3 2022
  96 IPTER    33.33  4 2022  4 2022
  96 IPTER    12.90  5 2022  5 2022
  96 IPTER     0.00  6 2022  3 2023
  96 IPTER    20.33  4 2023  4 2023
  96 IPTER    61.00  5 2023  5 2023
  96 IPTER     8.13  6 2023  6 2023
  96 IPTER     0.00  7 2023 12 2023
  83 POTEF   367.90  6 2019 12 2023
  83 FCMAX    42.15  6 2019 12 2023
 201 POTEF   166.00  6 2019 12 2023
 201 GTMIN    75.00  6 2019  7 2019
 201 GTMIN    75.00  8 2019  8 2019
 201 GTMIN    75.00  9 2019  9 2019
 201 GTMIN    75.00 10 2019 10 2019
 201 GTMIN    75.00 11 2019 11 2019
 201 GTMIN    75.00 12 2019 12 2019
 201 GTMIN    75.00  1 2020  4 2020
 201 GTMIN    75.00  5 2020  5 2020
 201 GTMIN    75.00  6 2020  6 2020
 201 GTMIN    75.00  7 2020  7 2020
 201 GTMIN    75.00  8 2020  8 2020
 201 GTMIN    75.00  9 2020 12 2020
 201 GTMIN    75.00  1 2021  1 2021
 201 GTMIN    75.00  2 2021  2 2021
 201 GTMIN    75.00  3 2021  3 2021
 201 GTMIN    75.00  4 2021  4 2021
 201 GTMIN    75.00  5 2021  5 2021
 201 GTMIN    75.00  6 2021  6 2021
 201 GTMIN    75.00  7 2021  7 2021
 201 GTMIN    75.00  8 2021 12 2021
 201 GTMIN    75.00  1 2022  1 2022
 201 GTMIN    75.00  2 2022  2 2022
 201 GTMIN    75.00  3 2022  3 2022
 201 GTMIN    75.00  4 2022  4 2022
 201 GTMIN    75.00  5 2022  5 2022
 201 GTMIN    75.00  6 2022 12 2023
 203 POTEF    85.38  6 2019 12 2023
 203 GTMIN    67.00  6 2019 12 2023
 318 POTEF    40.00  6 2019  6 2019
 319 POTEF    40.00  6 2019  6 2019
  73 POTEF   165.87  6 2019 12 2023
  70 POTEF   165.87  6 2019 12 2023
 317 POTEF    25.00  6 2019  6 2019
 204 POTEF    75.48  6 2019 12 2023
 204 FCMAX    86.95  6 2019 12 2023
 204 GTMIN    62.99  6 2019 12 2023
 205 POTEF    66.80  6 2019 12 2023
 205 FCMAX    99.43  6 2019 12 2023
 205 GTMIN    64.50  6 2019 12 2023
 205 IPTER     0.39  6 2019 12 2023
 212 POTEF   518.80  6 2019 12 2023
 212 GTMIN   482.05  6 2019 11 2019
 212 GTMIN   483.37  6 2020 11 2020
 212 GTMIN   482.05  6 2021 11 2021
 212 GTMIN   482.05  6 2022 11 2022
 212 GTMIN   482.05  6 2023 11 2023
  36 POTEF   337.60  6 2019 12 2023
  21 POTEF   337.60  6 2019 12 2023
 140 POTEF   590.75  6 2019 12 2023
 140 FCMAX    98.69  6 2019 12 2023
 140 GTMIN   264.00  6 2019  7 2019
 140 GTMIN   264.00  8 2019  8 2019
 140 GTMIN   264.00  9 2019  9 2019
 140 GTMIN   264.00 10 2019 10 2019
 140 GTMIN   264.00 11 2019 11 2019
 140 GTMIN   264.00 12 2019 12 2019
 140 GTMIN   264.00  1 2020  1 2020
 140 GTMIN   264.00  2 2020  2 2020
 140 GTMIN   264.00  3 2020  3 2020
 140 GTMIN   264.00  4 2020  4 2020
 140 GTMIN   264.00  5 2020  5 2020
 140 GTMIN   264.00  6 2020  6 2020
 140 GTMIN   264.00  7 2020  7 2020
 140 GTMIN   264.00  8 2020  8 2020
 140 GTMIN   264.00  9 2020  9 2020
 140 GTMIN   264.00 10 2020 10 2020
 140 GTMIN   264.00 11 2020 11 2020
 140 GTMIN   264.00 12 2020 12 2020
 140 GTMIN   264.00  1 2021  1 2021
 140 GTMIN   264.00  2 2021  2 2021
 140 GTMIN   264.00  3 2021  3 2021
 140 GTMIN   264.00  4 2021  4 2021
 140 GTMIN   264.00  5 2021  5 2021
 140 GTMIN   264.00  6 2021  6 2021
 140 GTMIN   264.00  7 2021  7 2021
 140 GTMIN   264.00  8 2021  8 2021
 140 GTMIN   264.00  9 2021  9 2021
 140 GTMIN   264.00 10 2021 10 2021
 140 GTMIN   264.00 11 2021 11 2021
 140 GTMIN   264.00 12 2021 12 2021
 140 GTMIN   264.00  1 2022  1 2022
 140 GTMIN   264.00  2 2022  2 2022
 140 GTMIN   264.00  3 2022  3 2022
 140 GTMIN   264.00  4 2022  4 2022
 140 GTMIN   264.00  5 2022  5 2022
 140 GTMIN   264.00  6 2022  6 2022
 140 GTMIN   264.00  7 2022  7 2022
 140 GTMIN   264.00  8 2022  8 2022
 140 GTMIN   264.00  9 2022  9 2022
 140 GTMIN   264.00 10 2022 10 2022
 140 GTMIN   264.00 11 2022 11 2022
 140 GTMIN   264.00 12 2022 12 2022
 140 GTMIN   264.00  1 2023  1 2023
 140 GTMIN   264.00  2 2023  2 2023
 140 GTMIN   264.00  3 2023  3 2023
 140 GTMIN   264.00  4 2023  4 2023
 140 GTMIN   264.00  5 2023  5 2023
 140 GTMIN   264.00  6 2023  6 2023
 140 GTMIN   264.00  7 2023  7 2023
 140 GTMIN   264.00  8 2023  8 2023
 140 GTMIN   264.00  9 2023  9 2023
 140 GTMIN   264.00 10 2023 10 2023
 140 GTMIN   264.00 11 2023 11 2023
 140 GTMIN   264.00 12 2023 12 2023
 206 POTEF   110.00  6 2019 12 2023
 206 FCMAX     0.00  6 2019 12 2023
 141 POTEF   150.00  6 2019 12 2023
 141 FCMAX     0.00  6 2019 12 2023
  46 POTEF   178.21  6 2019 12 2023
 228 POTEF     5.54  7 2021 12 2023
 228 GTMIN     2.25  7 2021 12 2023
 116 POTEF    56.28  6 2019 12 2023
 207 POTEF    66.00  6 2019 12 2023
 207 GTMIN    64.00  6 2019 12 2023
 207 IPTER     0.53  6 2019 12 2023
 176 POTEF   360.14  6 2019 12 2023
 136 POTEF   254.84  6 2019 12 2023
 136 GTMIN   196.14  6 2019 12 2019
 136 GTMIN   194.73  1 2020 12 2023
 209 POTEF    93.04  6 2019 12 2023
 209 FCMAX    70.54  6 2019 12 2023
 209 GTMIN    63.00  6 2019 12 2023
 109 TEIFT     0.00  6 2019  7 2019
 111 TEIFT     0.00  6 2019  7 2019
 113 TEIFT     0.00  6 2019  7 2019
 117 TEIFT     0.00  6 2019  7 2019
 119 TEIFT     0.00  6 2019  7 2019
 121 TEIFT     0.00  6 2019  7 2019
 125 TEIFT     0.00  6 2019  7 2019
 127 TEIFT     0.00  6 2019  7 2019
 133 TEIFT     0.00  6 2019  7 2019
 135 TEIFT     0.00  6 2019  7 2019
 138 TEIFT     0.00  6 2019  7 2019
