 NUMERO DE PATAMARES
 XX
  3
ANO   DURACAO MENSAL DOS PATAMARES DE CARGA
      JAN     FEV     MAR     ABR     MAI     JUN     JUL     AGO     SET     OUT     NOV     DEZ   
      X.XXXX  X.XXXX  X.XXXX  X.XXXX  X.XXXX  X.XXXX  X.XXXX  X.XXXX  X.XXXX  X.XXXX  X.XXXX  X.XXXX
2018  0.1048  0.1025  0.1048  0.1000  0.1008  0.1083  0.1048  0.1089  0.1000  0.1048  0.1001  0.1008  
      0.5229  0.5171  0.5229  0.5083  0.5108  0.5334  0.5229  0.5349  0.5083  0.5229  0.5091  0.5108  
      0.3723  0.3804  0.3723  0.3917  0.3884  0.3583  0.3723  0.3562  0.3917  0.3723  0.3908  0.3884  
2019  0.1048  0.1070  0.1008  0.1042  0.1048  0.1000  0.1089  0.1089  0.1000  0.1048  0.1001  0.1008  
      0.5229  0.5304  0.5108  0.5208  0.5229  0.5083  0.5349  0.5349  0.5083  0.5229  0.5091  0.5108  
      0.3723  0.3626  0.3884  0.3750  0.3723  0.3917  0.3562  0.3562  0.3917  0.3723  0.3908  0.3884  
2020  0.1048  0.1033  0.1048  0.1000  0.1008  0.1042  0.1089  0.1048  0.1042  0.1048  0.1001  0.1048  
      0.5229  0.5194  0.5229  0.5083  0.5108  0.5208  0.5349  0.5229  0.5208  0.5229  0.5091  0.5229  
      0.3723  0.3773  0.3723  0.3917  0.3884  0.3750  0.3562  0.3723  0.3750  0.3723  0.3908  0.3723  
2021  0.1008  0.1025  0.1089  0.1000  0.1008  0.1042  0.1089  0.1048  0.1042  0.1048  0.1001  0.1008  
      0.5108  0.5171  0.5349  0.5083  0.5108  0.5208  0.5349  0.5229  0.5208  0.5229  0.5091  0.5108  
      0.3884  0.3804  0.3562  0.3917  0.3884  0.3750  0.3562  0.3723  0.3750  0.3723  0.3908  0.3884  
2022  0.1008  0.1070  0.1048  0.1000  0.1048  0.1042  0.1048  0.1089  0.1042  0.1008  0.1001  0.1089  
      0.5108  0.5304  0.5229  0.5083  0.5229  0.5208  0.5229  0.5349  0.5208  0.5108  0.5091  0.5349  
      0.3884  0.3626  0.3723  0.3917  0.3723  0.3750  0.3723  0.3562  0.3750  0.3884  0.3908  0.3562  
 SUBSISTEMA
 XXX
    ANO                       CARGA(P.U.DEMANDA MED.)
   XXXX X.XXXX X.XXXX X.XXXX X.XXXX X.XXXX X.XXXX X.XXXX X.XXXX X.XXXX X.XXXX X.XXXX X.XXXX
   1
   2018 1.1137 1.0923 1.1228 1.1593 1.2037 1.1884 1.2019 1.1818 1.1737 1.1376 1.1278 1.1007
        1.0865 1.0815 1.0825 1.0899 1.0925 1.0773 1.0831 1.0795 1.0906 1.0879 1.0904 1.0795
        0.8466 0.8644 0.8495 0.8427 0.8255 0.8280 0.8265 0.8250 0.8381 0.8378 0.8495 0.8693
   2019 1.1137 1.0880 1.1272 1.1542 1.1980 1.1995 1.1964 1.1818 1.1737 1.1376 1.1278 1.1007
        1.0865 1.0773 1.0868 1.0851 1.0873 1.0874 1.0781 1.0795 1.0906 1.0879 1.0904 1.0795
        0.8466 0.8610 0.8528 0.8390 0.8216 0.8357 0.8227 0.8250 0.8381 0.8378 0.8495 0.8693
   2020 1.1137 1.0915 1.1228 1.1593 1.2037 1.1939 1.1964 1.1872 1.1684 1.1376 1.1278 1.0969
        1.0865 1.0808 1.0825 1.0899 1.0925 1.0823 1.0781 1.0844 1.0856 1.0879 1.0904 1.0758
        0.8466 0.8638 0.8495 0.8427 0.8255 0.8318 0.8227 0.8288 0.8343 0.8378 0.8495 0.8663
   2021 1.1181 1.0923 1.1184 1.1593 1.2037 1.1939 1.1964 1.1872 1.1684 1.1376 1.1278 1.1007
        1.0908 1.0815 1.0783 1.0899 1.0925 1.0823 1.0781 1.0844 1.0856 1.0879 1.0904 1.0795
        0.8499 0.8644 0.8462 0.8427 0.8255 0.8318 0.8227 0.8288 0.8343 0.8378 0.8495 0.8693
   2022 1.1181 1.0880 1.1228 1.1593 1.1980 1.1939 1.2019 1.1818 1.1684 1.1424 1.1278 1.0931
        1.0908 1.0773 1.0825 1.0899 1.0873 1.0823 1.0831 1.0795 1.0856 1.0925 1.0904 1.0721
        0.8499 0.8610 0.8495 0.8427 0.8216 0.8318 0.8265 0.8250 0.8343 0.8413 0.8495 0.8633
   2
   2018 1.0243 1.0103 1.0761 1.1501 1.1758 1.1781 1.1881 1.1617 1.1728 1.1258 1.0679 1.0493
        1.1166 1.1082 1.1124 1.1254 1.1252 1.1109 1.1248 1.1144 1.1234 1.1264 1.1271 1.1080
        0.8294 0.8501 0.8207 0.7989 0.7898 0.7810 0.7718 0.7787 0.7957 0.7870 0.8170 0.8452
   2019 1.0243 1.0061 1.0811 1.1437 1.1693 1.1919 1.1811 1.1617 1.1728 1.1258 1.0679 1.0493
        1.1166 1.1036 1.1175 1.1192 1.1189 1.1239 1.1181 1.1144 1.1234 1.1264 1.1271 1.1080
        0.8294 0.8466 0.8244 0.7945 0.7854 0.7902 0.7672 0.7787 0.7957 0.7870 0.8170 0.8452
   2020 1.0243 1.0095 1.0761 1.1501 1.1758 1.1850 1.1811 1.1683 1.1662 1.1258 1.0679 1.0452
        1.1166 1.1074 1.1124 1.1254 1.1252 1.1174 1.1181 1.1207 1.1171 1.1264 1.1271 1.1035
        0.8294 0.8495 0.8207 0.7989 0.7898 0.7856 0.7672 0.7831 0.7912 0.7870 0.8170 0.8419
   2021 1.0287 1.0103 1.0713 1.1501 1.1758 1.1850 1.1811 1.1683 1.1662 1.1258 1.0679 1.0493
        1.1214 1.1082 1.1074 1.1254 1.1252 1.1174 1.1181 1.1207 1.1171 1.1264 1.1271 1.1080
        0.8329 0.8501 0.8170 0.7989 0.7898 0.7856 0.7672 0.7831 0.7912 0.7870 0.8170 0.8452
   2022 1.0287 1.0061 1.0761 1.1501 1.1693 1.1850 1.1881 1.1617 1.1662 1.1320 1.0679 1.0410
        1.1214 1.1036 1.1124 1.1254 1.1189 1.1174 1.1248 1.1144 1.1171 1.1326 1.1271 1.0992
        0.8329 0.8466 0.8207 0.7989 0.7854 0.7856 0.7718 0.7787 0.7912 0.7913 0.8170 0.8385
   3
   2018 1.0820 1.0922 1.0914 1.0924 1.0960 1.1054 1.1112 1.1050 1.1075 1.0970 1.0914 1.0944
        1.0530 1.0537 1.0622 1.0709 1.0699 1.0594 1.0644 1.0636 1.0714 1.0728 1.0601 1.0499
        0.9024 0.9022 0.8870 0.8844 0.8831 0.8797 0.8783 0.8724 0.8800 0.8705 0.8983 0.9098
   2019 1.0820 1.0891 1.0946 1.0889 1.0926 1.1125 1.1076 1.1050 1.1075 1.0970 1.0914 1.0944
        1.0530 1.0507 1.0653 1.0675 1.0666 1.0662 1.0610 1.0636 1.0714 1.0728 1.0601 1.0499
        0.9024 0.8996 0.8896 0.8816 0.8804 0.8854 0.8755 0.8724 0.8800 0.8705 0.8983 0.9098
   2020 1.0820 1.0916 1.0914 1.0924 1.0960 1.1089 1.1076 1.1086 1.1038 1.0970 1.0914 1.0918
        1.0530 1.0531 1.0622 1.0709 1.0699 1.0628 1.0610 1.0671 1.0678 1.0728 1.0601 1.0474
        0.9024 0.9017 0.8870 0.8844 0.8831 0.8825 0.8755 0.8752 0.8770 0.8705 0.8983 0.9076
   2021 1.0848 1.0922 1.0882 1.0924 1.0960 1.1089 1.1076 1.1086 1.1038 1.0970 1.0914 1.0944
        1.0557 1.0537 1.0591 1.0709 1.0699 1.0628 1.0610 1.0671 1.0678 1.0728 1.0601 1.0499
        0.9047 0.9022 0.8844 0.8844 0.8831 0.8825 0.8755 0.8752 0.8770 0.8705 0.8983 0.9098
   2022 1.0848 1.0891 1.0914 1.0924 1.0926 1.1089 1.1112 1.1050 1.1038 1.1006 1.0914 1.0891
        1.0557 1.0507 1.0622 1.0709 1.0666 1.0628 1.0644 1.0636 1.0678 1.0764 1.0601 1.0448
        0.9047 0.8996 0.8870 0.8844 0.8804 0.8825 0.8783 0.8724 0.8770 0.8734 0.8983 0.9054
   4
   2018 1.0617 1.0578 1.0564 1.0609 1.0817 1.0753 1.0726 1.0619 1.0637 1.0683 1.0663 1.0689
        1.0205 1.0187 1.0236 1.0272 1.0344 1.0241 1.0262 1.0246 1.0257 1.0230 1.0190 1.0158
        0.9538 0.9591 0.9509 0.9491 0.9336 0.9413 0.9427 0.9442 0.9504 0.9485 0.9582 0.9614
   2019 1.0617 1.0565 1.0578 1.0593 1.0798 1.0788 1.0710 1.0619 1.0637 1.0683 1.0663 1.0689
        1.0205 1.0174 1.0250 1.0257 1.0325 1.0274 1.0247 1.0246 1.0257 1.0230 1.0190 1.0158
        0.9538 0.9579 0.9522 0.9478 0.9319 0.9444 0.9413 0.9442 0.9504 0.9485 0.9582 0.9614
   2020 1.0617 1.0575 1.0564 1.0609 1.0817 1.0770 1.0710 1.0634 1.0622 1.0683 1.0663 1.0677
        1.0205 1.0185 1.0236 1.0272 1.0344 1.0257 1.0247 1.0261 1.0242 1.0230 1.0190 1.0147
        0.9538 0.9588 0.9509 0.9491 0.9336 0.9428 0.9413 0.9455 0.9490 0.9485 0.9582 0.9603
   2021 1.0630 1.0578 1.0550 1.0609 1.0817 1.0770 1.0710 1.0634 1.0622 1.0683 1.0663 1.0689
        1.0218 1.0187 1.0223 1.0272 1.0344 1.0257 1.0247 1.0261 1.0242 1.0230 1.0190 1.0158
        0.9550 0.9591 0.9497 0.9491 0.9336 0.9428 0.9413 0.9455 0.9490 0.9485 0.9582 0.9614
   2022 1.0630 1.0565 1.0564 1.0609 1.0798 1.0770 1.0726 1.0619 1.0622 1.0698 1.0663 1.0665
        1.0218 1.0174 1.0236 1.0272 1.0325 1.0257 1.0262 1.0246 1.0242 1.0244 1.0190 1.0136
        0.9550 0.9579 0.9509 0.9491 0.9319 0.9428 0.9427 0.9442 0.9490 0.9498 0.9582 0.9593
9999
 SUBSISTEMA
   A ->B
 XXX XXX
                             INTERCAMBIO(P.U.INTERC.MEDIO)
 X.XXXX X.XXXX X.XXXX X.XXXX X.XXXX X.XXXX X.XXXX X.XXXX X.XXXX X.XXXX X.XXXX X.XXXX
   1   2
   2018 1.0703 1.0720 1.0662 1.0698 1.0692 1.0635 1.0662 1.0000 1.0000 1.0000 1.0000 1.0692
        1.0704 1.0719 1.0662 1.0698 1.0692 1.0635 1.0662 1.0000 1.0000 1.0000 1.0000 1.0692
        0.8814 0.8828 0.8885 0.8915 0.8910 0.8863 0.8885 1.0000 1.0000 1.0000 1.0000 0.8910
   2019 1.0562 1.0546 1.0587 1.0566 1.0562 1.0593 1.0536 1.0034 1.0037 1.0036 1.0037 1.0037
        1.0562 1.0546 1.0587 1.0566 1.0562 1.0593 1.0536 1.0034 1.0037 1.0036 1.0037 1.0037
        0.9053 0.9040 0.9075 0.9057 0.9053 0.9079 0.9031 0.9938 0.9942 0.9940 0.9942 0.9942
   2020 1.0036 1.0036 1.0036 1.0037 1.0037 1.0036 1.0034 1.0036 1.0036 1.0036 1.0037 1.0036
        1.0036 1.0036 1.0036 1.0037 1.0037 1.0036 1.0034 1.0036 1.0036 1.0036 1.0037 1.0036
        0.9940 0.9940 0.9940 0.9942 0.9942 0.9940 0.9938 0.9940 0.9940 0.9940 0.9942 0.9940
   2021 1.0037 1.0036 1.0034 1.0037 1.0037 1.0036 1.0034 1.0036 1.0036 1.0036 1.0037 1.0037
        1.0037 1.0036 1.0034 1.0037 1.0037 1.0036 1.0034 1.0036 1.0036 1.0036 1.0037 1.0037
        0.9942 0.9941 0.9938 0.9942 0.9942 0.9940 0.9938 0.9940 0.9940 0.9940 0.9942 0.9942
   2022 1.0037 1.0035 1.0036 1.0037 1.0036 1.0036 1.0036 1.0034 1.0036 1.0037 1.0037 1.0034
        1.0037 1.0035 1.0036 1.0037 1.0036 1.0036 1.0036 1.0034 1.0036 1.0037 1.0037 1.0034
        0.9942 0.9939 0.9940 0.9942 0.9940 0.9940 0.9940 0.9938 0.9940 0.9942 0.9942 0.9938
   2   1
   2018 1.0099 1.0105 1.3393 1.3436 1.3429 1.3363 1.3393 0.9865 0.9864 0.9865 0.9864 1.3429
        1.0318 1.0325 0.9920 0.9951 0.9946 0.9897 0.9920 1.0009 1.0007 1.0008 1.0007 0.9946
        0.9525 0.9530 0.9157 0.9186 0.9181 0.9136 0.9157 1.0027 1.0025 1.0026 1.0025 0.9181
   2019 1.1773 1.1782 1.1759 1.1771 1.1773 1.1757 1.1787 0.9377 0.9328 0.9355 0.9329 0.9332
        0.9222 0.9229 0.9211 0.9220 0.9222 0.9208 0.9232 0.9493 0.9443 0.9470 0.9444 0.9448
        1.0594 1.0602 1.0582 1.0592 1.0594 1.0579 1.0606 1.0952 1.0895 1.0926 1.0896 1.0900
   2020 0.9355 0.9348 0.9355 0.9328 0.9332 0.9351 0.9377 0.9355 0.9351 0.9355 0.9329 0.9355
        0.9470 0.9463 0.9470 0.9443 0.9448 0.9466 0.9493 0.9470 0.9466 0.9470 0.9444 0.9470
        1.0926 1.0918 1.0926 1.0895 1.0900 1.0922 1.0952 1.0926 1.0922 1.0926 1.0896 1.0926
   2021 0.9332 0.9344 0.9377 0.9328 0.9332 0.9351 0.9377 0.9355 0.9351 0.9355 0.9329 0.9332
        0.9448 0.9459 0.9493 0.9443 0.9448 0.9466 0.9493 0.9470 0.9466 0.9470 0.9444 0.9448
        1.0900 1.0913 1.0952 1.0895 1.0900 1.0922 1.0952 1.0926 1.0922 1.0926 1.0896 1.0900
   2022 0.9332 0.9368 0.9355 0.9328 0.9355 0.9351 0.9355 0.9377 0.9351 0.9332 0.9329 0.9377
        0.9448 0.9484 0.9470 0.9443 0.9470 0.9466 0.9470 0.9493 0.9466 0.9448 0.9444 0.9493
        1.0900 1.0942 1.0926 1.0895 1.0926 1.0922 1.0926 1.0952 1.0922 1.0900 1.0896 1.0952
   1  11
   2018 1.0000 1.0000 1.0000 1.0000 1.0000 1.0000 1.0000 1.0000 1.0000 1.0000 1.0000 1.0000
        1.0000 1.0000 1.0000 1.0000 1.0000 1.0000 1.0000 1.0000 1.0000 1.0000 1.0000 1.0000
        1.0000 1.0000 1.0000 1.0000 1.0000 1.0000 1.0000 1.0000 1.0000 1.0000 1.0000 1.0000
   2019 1.0000 1.0000 1.0000 1.0000 1.0000 1.0000 1.0000 1.0000 1.0000 1.0000 1.0000 1.0000
        1.0000 1.0000 1.0000 1.0000 1.0000 1.0000 1.0000 1.0000 1.0000 1.0000 1.0000 1.0000
        1.0000 1.0000 1.0000 1.0000 1.0000 1.0000 1.0000 1.0000 1.0000 1.0000 1.0000 1.0000
   2020 1.0000 1.0000 1.0000 1.0000 1.0000 1.0000 1.0000 1.0000 1.0000 1.0000 1.0000 1.0000
        1.0000 1.0000 1.0000 1.0000 1.0000 1.0000 1.0000 1.0000 1.0000 1.0000 1.0000 1.0000
        1.0000 1.0000 1.0000 1.0000 1.0000 1.0000 1.0000 1.0000 1.0000 1.0000 1.0000 1.0000
   2021 1.0000 1.0000 1.0000 1.0000 1.0000 1.0000 1.0000 1.0000 1.0000 1.0000 1.0000 1.0000
        1.0000 1.0000 1.0000 1.0000 1.0000 1.0000 1.0000 1.0000 1.0000 1.0000 1.0000 1.0000
        1.0000 1.0000 1.0000 1.0000 1.0000 1.0000 1.0000 1.0000 1.0000 1.0000 1.0000 1.0000
   2022 1.0000 1.0000 1.0000 1.0000 1.0000 1.0000 1.0000 1.0000 1.0000 1.0000 1.0000 1.0000
        1.0000 1.0000 1.0000 1.0000 1.0000 1.0000 1.0000 1.0000 1.0000 1.0000 1.0000 1.0000
        1.0000 1.0000 1.0000 1.0000 1.0000 1.0000 1.0000 1.0000 1.0000 1.0000 1.0000 1.0000
  11   1
   2018 1.4392 1.4531 2.1267 2.1809 1.7853 1.7393 1.7604 1.0000 1.0000 1.0000 1.0000 2.1715
        1.4392 1.4531 1.3171 1.3506 1.2311 1.1995 1.2140 1.0000 1.0000 1.0000 1.0000 1.3448
        0.2595 0.2620 0.2375 0.2436 0.4923 0.4796 0.4854 1.0000 1.0000 1.0000 1.0000 0.2425
   2019 2.1267 2.1010 2.1715 2.1340 1.7604 1.7904 1.7362 1.0000 1.0000 1.0000 1.0000 1.0000
        1.3171 1.3011 1.3448 1.3216 1.2140 1.2347 1.1973 1.0000 1.0000 1.0000 1.0000 1.0000
        0.2375 0.2346 0.2425 0.2383 0.4854 0.4937 0.4787 1.0000 1.0000 1.0000 1.0000 1.0000
   2020 1.0000 1.0000 1.0000 1.0000 1.0000 1.0000 1.0000 1.0000 1.0000 1.0000 1.0000 1.0000
        1.0000 1.0000 1.0000 1.0000 1.0000 1.0000 1.0000 1.0000 1.0000 1.0000 1.0000 1.0000
        1.0000 1.0000 1.0000 1.0000 1.0000 1.0000 1.0000 1.0000 1.0000 1.0000 1.0000 1.0000
   2021 1.0000 1.0000 1.0000 1.0000 1.0000 1.0000 1.0000 1.0000 1.0000 1.0000 1.0000 1.0000
        1.0000 1.0000 1.0000 1.0000 1.0000 1.0000 1.0000 1.0000 1.0000 1.0000 1.0000 1.0000
        1.0000 1.0000 1.0000 1.0000 1.0000 1.0000 1.0000 1.0000 1.0000 1.0000 1.0000 1.0000
   2022 1.0000 1.0000 1.0000 1.0000 1.0000 1.0000 1.0000 1.0000 1.0000 1.0000 1.0000 1.0000
        1.0000 1.0000 1.0000 1.0000 1.0000 1.0000 1.0000 1.0000 1.0000 1.0000 1.0000 1.0000
        1.0000 1.0000 1.0000 1.0000 1.0000 1.0000 1.0000 1.0000 1.0000 1.0000 1.0000 1.0000
   3  11
   2018 0.9165 0.9156 0.9165 0.9145 0.9148 0.9180 0.9165 0.9182 0.9145 0.9165 0.9146 0.9148
        0.9674 0.9665 0.9674 0.9653 0.9656 0.9690 0.9674 0.9692 0.9653 0.9674 0.9654 0.9656
        1.0693 1.0683 1.0693 1.0669 1.0673 1.0710 1.0693 1.0712 1.0669 1.0693 1.0670 1.0673
   2019 0.9165 0.9175 0.9148 0.9162 0.9165 0.9145 0.9182 0.9182 0.9145 0.9165 0.9146 0.9148
        0.9674 0.9685 0.9656 0.9671 0.9674 0.9653 0.9692 0.9692 0.9653 0.9674 0.9654 0.9656
        1.0693 1.0704 1.0673 1.0689 1.0693 1.0669 1.0712 1.0712 1.0669 1.0693 1.0670 1.0673
   2020 0.9165 0.9160 0.9165 0.9145 0.9148 0.9162 0.9182 0.9165 0.9162 0.9165 0.9146 0.9165
        0.9674 0.9669 0.9674 0.9653 0.9656 0.9671 0.9692 0.9674 0.9671 0.9674 0.9654 0.9674
        1.0693 1.0686 1.0693 1.0669 1.0673 1.0689 1.0712 1.0693 1.0689 1.0693 1.0670 1.0693
   2021 0.9148 0.9156 0.9182 0.9145 0.9148 0.9203 0.9222 0.9206 0.9203 0.9206 0.9187 0.9189
        0.9656 0.9665 0.9692 0.9653 0.9656 0.9687 0.9707 0.9690 0.9687 0.9690 0.9670 0.9673
        1.0673 1.0683 1.0712 1.0669 1.0673 1.0656 1.0678 1.0659 1.0656 1.0659 1.0638 1.0640
   2022 0.9189 0.9215 0.9206 0.9186 0.9206 0.9203 0.9206 0.9222 0.9203 0.9189 0.9187 0.9222
        0.9673 0.9700 0.9690 0.9670 0.9690 0.9687 0.9690 0.9707 0.9687 0.9673 0.9670 0.9707
        1.0640 1.0670 1.0659 1.0637 1.0659 1.0656 1.0659 1.0678 1.0656 1.0640 1.0638 1.0678
  11   3
   2018 1.0000 1.0000 1.0000 1.0000 1.0000 1.0000 1.0000 1.0000 1.0000 1.0000 1.0000 1.0000
        1.0000 1.0000 1.0000 1.0000 1.0000 1.0000 1.0000 1.0000 1.0000 1.0000 1.0000 1.0000
        1.0000 1.0000 1.0000 1.0000 1.0000 1.0000 1.0000 1.0000 1.0000 1.0000 1.0000 1.0000
   2019 1.0000 1.0000 1.0000 1.0000 1.0000 1.0000 1.0000 1.0000 1.0000 1.0000 1.0000 0.9918
        1.0000 1.0000 1.0000 1.0000 1.0000 1.0000 1.0000 1.0000 1.0000 1.0000 1.0000 0.9918
        1.0000 1.0000 1.0000 1.0000 1.0000 1.0000 1.0000 1.0000 1.0000 1.0000 1.0000 1.0129
   2020 0.9921 0.9920 0.9921 0.9917 0.9918 1.0367 1.0348 1.0364 1.0367 1.0364 1.0383 1.0364
        0.9921 0.9920 0.9921 0.9917 0.9918 1.0367 1.0348 1.0364 1.0367 1.0364 1.0383 1.0364
        1.0133 1.0131 1.0133 1.0128 1.0129 0.9389 0.9372 0.9386 0.9389 0.9386 0.9403 0.9386
   2021 1.0380 1.0372 1.0348 1.0384 1.0380 1.0501 1.0475 1.0497 1.0501 1.0497 1.0523 1.0520
        1.0380 1.0372 1.0348 1.0384 1.0380 1.0501 1.0475 1.0497 1.0501 1.0497 1.0523 1.0520
        0.9401 0.9394 0.9372 0.9404 0.9401 0.9165 0.9142 0.9161 0.9165 0.9161 0.9184 0.9181
   2022 1.0520 1.0484 1.0497 1.0525 1.0497 1.0501 1.0497 1.0475 1.0501 1.0520 1.0523 1.0475
        1.0520 1.0484 1.0497 1.0525 1.0497 1.0501 1.0497 1.0475 1.0501 1.0520 1.0523 1.0475
        0.9181 0.9150 0.9161 0.9185 0.9161 0.9165 0.9161 0.9142 0.9165 0.9181 0.9184 0.9142
   4  11
   2018 1.0000 1.0000 1.0000 1.0000 1.0000 1.0000 1.0000 1.0000 1.0000 1.0000 1.0000 1.0000
        1.0000 1.0000 1.0000 1.0000 1.0000 1.0000 1.0000 1.0000 1.0000 1.0000 1.0000 1.0000
        1.0000 1.0000 1.0000 1.0000 1.0000 1.0000 1.0000 1.0000 1.0000 1.0000 1.0000 1.0000
   2019 1.0000 1.0000 1.0000 1.0000 1.0000 1.0000 1.0000 1.0000 1.0000 1.0000 1.0000 1.0000
        1.0000 1.0000 1.0000 1.0000 1.0000 1.0000 1.0000 1.0000 1.0000 1.0000 1.0000 1.0000
        1.0000 1.0000 1.0000 1.0000 1.0000 1.0000 1.0000 1.0000 1.0000 1.0000 1.0000 1.0000
   2020 1.0000 1.0000 1.0000 1.0000 1.0000 1.0000 1.0000 1.0000 1.0000 1.0000 1.0000 1.0000
        1.0000 1.0000 1.0000 1.0000 1.0000 1.0000 1.0000 1.0000 1.0000 1.0000 1.0000 1.0000
        1.0000 1.0000 1.0000 1.0000 1.0000 1.0000 1.0000 1.0000 1.0000 1.0000 1.0000 1.0000
   2021 1.0000 1.0000 1.0000 1.0000 1.0000 1.0000 1.0000 1.0000 1.0000 1.0000 1.0000 1.0000
        1.0000 1.0000 1.0000 1.0000 1.0000 1.0000 1.0000 1.0000 1.0000 1.0000 1.0000 1.0000
        1.0000 1.0000 1.0000 1.0000 1.0000 1.0000 1.0000 1.0000 1.0000 1.0000 1.0000 1.0000
   2022 1.0000 1.0000 1.0000 1.0000 1.0000 1.0000 1.0000 1.0000 1.0000 1.0000 1.0000 1.0000
        1.0000 1.0000 1.0000 1.0000 1.0000 1.0000 1.0000 1.0000 1.0000 1.0000 1.0000 1.0000
        1.0000 1.0000 1.0000 1.0000 1.0000 1.0000 1.0000 1.0000 1.0000 1.0000 1.0000 1.0000
  11   4
   2018 1.0785 1.0732 1.0712 1.0768 1.1032 1.0960 1.0924 1.0777 1.0798 1.0858 1.0835 1.0872
        1.0261 1.0237 1.0298 1.0343 1.0434 1.0307 1.0334 1.0309 1.0322 1.0289 1.0240 1.0200
        0.9412 0.9481 0.9381 0.9358 0.9161 0.9252 0.9272 0.9299 0.9379 0.9352 0.9474 0.9511
   2019 1.0772 1.0705 1.0718 1.0736 1.0992 1.0987 1.0888 1.0765 1.0786 1.0845 1.0822 1.0858
        1.0257 1.0217 1.0310 1.0319 1.0404 1.0343 1.0309 1.0304 1.0317 1.0285 1.0236 1.0197
        0.9422 0.9475 0.9406 0.9352 0.9153 0.9303 0.9265 0.9310 0.9388 0.9362 0.9482 0.9519
   2020 1.0761 1.0709 1.0691 1.0746 1.1001 1.0952 1.0875 1.0773 1.0757 1.0834 1.0811 1.0831
        1.0253 1.0227 1.0289 1.0333 1.0421 1.0318 1.0304 1.0318 1.0295 1.0281 1.0233 1.0181
        0.9431 0.9494 0.9399 0.9377 0.9186 0.9294 0.9276 0.9335 0.9380 0.9371 0.9489 0.9512
   2021 1.0766 1.0701 1.0665 1.0736 1.0988 1.0938 1.0863 1.0763 1.0747 1.0823 1.0800 1.0834
        1.0265 1.0226 1.0270 1.0329 1.0416 1.0313 1.0300 1.0314 1.0291 1.0277 1.0230 1.0191
        0.9453 0.9503 0.9392 0.9385 0.9197 0.9304 0.9286 0.9344 0.9388 0.9379 0.9496 0.9532
   2022 1.0756 1.0677 1.0673 1.0727 1.0953 1.0926 1.0872 1.0736 1.0738 1.0831 1.0790 1.0795
        1.0262 1.0208 1.0282 1.0325 1.0388 1.0309 1.0315 1.0292 1.0287 1.0290 1.0227 1.0162
        0.9460 0.9496 0.9414 0.9393 0.9187 0.9313 0.9312 0.9336 0.9396 0.9403 0.9502 0.9513
   1   3
   2018 1.0000 1.0000 1.0000 1.0000 1.0000 1.0000 1.0000 1.0000 1.0000 1.0000 1.0000 1.0000
        1.0000 1.0000 1.0000 1.0000 1.0000 1.0000 1.0000 1.0000 1.0000 1.0000 1.0000 1.0000
        1.0000 1.0000 1.0000 1.0000 1.0000 1.0000 1.0000 1.0000 1.0000 1.0000 1.0000 1.0000
   2019 1.0000 1.0000 1.0000 1.0000 1.0000 1.0000 1.0000 1.0000 1.0000 1.0000 1.0000 1.0000
        1.0000 1.0000 1.0000 1.0000 1.0000 1.0000 1.0000 1.0000 1.0000 1.0000 1.0000 1.0000
        1.0000 1.0000 1.0000 1.0000 1.0000 1.0000 1.0000 1.0000 1.0000 1.0000 1.0000 1.0000
   2020 1.0000 1.0000 1.0000 1.0000 1.0000 0.8235 0.8309 0.8246 0.8235 0.8246 0.8175 0.8246
        1.0000 1.0000 1.0000 1.0000 1.0000 0.8235 0.8309 0.8246 0.8235 0.8246 0.8175 0.8246
        1.0000 1.0000 1.0000 1.0000 1.0000 1.2941 1.3057 1.2958 1.2941 1.2958 1.2846 1.2958
   2021 0.8184 0.8214 0.8309 0.8171 0.8184 0.8235 0.8309 0.8246 0.8235 0.8246 0.8175 0.8184
        0.8184 0.8214 0.8309 0.8171 0.8184 0.8235 0.8309 0.8246 0.8235 0.8246 0.8175 0.8184
        1.2860 1.2908 1.3057 1.2840 1.2860 1.2941 1.3057 1.2958 1.2941 1.2958 1.2846 1.2860
   2022 0.8184 0.9508 0.9495 0.9470 0.9495 0.9492 0.9495 0.9516 0.9492 0.9474 0.9471 0.9516
        0.8184 0.9508 0.9495 0.9470 0.9495 0.9492 0.9495 0.9516 0.9492 0.9474 0.9471 0.9516
        1.2860 1.0866 1.0851 1.0823 1.0851 1.0847 1.0851 1.0875 1.0847 1.0828 1.0824 1.0875
   3   1
   2018 1.0000 1.0000 1.0000 1.0000 1.0000 1.0000 1.0000 1.0000 1.0000 1.0000 1.0000 1.0000
        1.0000 1.0000 1.0000 1.0000 1.0000 1.0000 1.0000 1.0000 1.0000 1.0000 1.0000 1.0000
        1.0000 1.0000 1.0000 1.0000 1.0000 1.0000 1.0000 1.0000 1.0000 1.0000 1.0000 1.0000
   2019 1.0000 1.0000 1.0000 1.0000 1.0000 1.0000 1.0000 1.0000 1.0000 1.0000 1.0000 1.0000
        1.0000 1.0000 1.0000 1.0000 1.0000 1.0000 1.0000 1.0000 1.0000 1.0000 1.0000 1.0000
        1.0000 1.0000 1.0000 1.0000 1.0000 1.0000 1.0000 1.0000 1.0000 1.0000 1.0000 1.0000
   2020 1.0000 1.0000 1.0000 1.0000 1.0000 1.0000 1.0000 1.0000 1.0000 1.0000 1.0000 1.0000
        1.0000 1.0000 1.0000 1.0000 1.0000 1.0000 1.0000 1.0000 1.0000 1.0000 1.0000 1.0000
        1.0000 1.0000 1.0000 1.0000 1.0000 1.0000 1.0000 1.0000 1.0000 1.0000 1.0000 1.0000
   2021 1.0000 1.0000 1.0000 1.0000 1.0000 1.0000 1.0000 1.0000 1.0000 1.0000 1.0000 1.0000
        1.0000 1.0000 1.0000 1.0000 1.0000 1.0000 1.0000 1.0000 1.0000 1.0000 1.0000 1.0000
        1.0000 1.0000 1.0000 1.0000 1.0000 1.0000 1.0000 1.0000 1.0000 1.0000 1.0000 1.0000
   2022 1.0000 1.0147 1.0151 1.0159 1.0151 1.0152 1.0151 1.0145 1.0152 1.0158 1.0159 1.0145
        1.0000 1.0147 1.0151 1.0159 1.0151 1.0152 1.0151 1.0145 1.0152 1.0158 1.0159 1.0145
        1.0000 0.9741 0.9745 0.9753 0.9745 0.9746 0.9745 0.9739 0.9746 0.9751 0.9752 0.9739
   1   4                                                                                    
   2018 1.0000 1.0000 1.0000 1.0000 1.0000 1.0000 1.0000 1.0000 1.0000 1.0000 1.0000 1.0000
        1.0000 1.0000 1.0000 1.0000 1.0000 1.0000 1.0000 1.0000 1.0000 1.0000 1.0000 1.0000
        1.0000 1.0000 1.0000 1.0000 1.0000 1.0000 1.0000 1.0000 1.0000 1.0000 1.0000 1.0000
   2019 1.0000 1.0000 1.0000 1.0000 1.0000 1.0000 1.0000 1.0000 1.0000 1.0000 1.0000 1.0000
        1.0000 1.0000 1.0000 1.0000 1.0000 1.0000 1.0000 1.0000 1.0000 1.0000 1.0000 1.0000
        1.0000 1.0000 1.0000 1.0000 1.0000 1.0000 1.0000 1.0000 1.0000 1.0000 1.0000 1.0000
   2020 1.0000 1.0000 1.0000 1.0000 1.0000 1.0000 1.0000 1.0000 1.0000 1.0000 1.0000 1.0000
        1.0000 1.0000 1.0000 1.0000 1.0000 1.0000 1.0000 1.0000 1.0000 1.0000 1.0000 1.0000
        1.0000 1.0000 1.0000 1.0000 1.0000 1.0000 1.0000 1.0000 1.0000 1.0000 1.0000 1.0000
   2021 1.0000 1.0000 1.0000 1.0000 1.0000 1.0000 1.0000 1.0000 1.0000 1.0000 1.0000 1.0000
        1.0000 1.0000 1.0000 1.0000 1.0000 1.0000 1.0000 1.0000 1.0000 1.0000 1.0000 1.0000
        1.0000 1.0000 1.0000 1.0000 1.0000 1.0000 1.0000 1.0000 1.0000 1.0000 1.0000 1.0000
   2022 1.0000 1.0000 1.0000 1.0000 1.0000 1.0000 1.0000 1.0000 1.0000 1.0000 1.0000 1.0000
        1.0000 1.0000 1.0000 1.0000 1.0000 1.0000 1.0000 1.0000 1.0000 1.0000 1.0000 1.0000
        1.0000 1.0000 1.0000 1.0000 1.0000 1.0000 1.0000 1.0000 1.0000 1.0000 1.0000 1.0000
   4   1                                                                                    
   2018 1.0000 1.0000 1.0000 1.0000 1.0000 1.0000 1.0000 1.0000 1.0000 1.0000 1.0000 1.0000
        1.0000 1.0000 1.0000 1.0000 1.0000 1.0000 1.0000 1.0000 1.0000 1.0000 1.0000 1.0000
        1.0000 1.0000 1.0000 1.0000 1.0000 1.0000 1.0000 1.0000 1.0000 1.0000 1.0000 1.0000
   2019 1.0000 1.0000 1.0000 1.0000 1.0000 1.0000 1.0000 1.0000 1.0000 1.0000 1.0000 1.0000
        1.0000 1.0000 1.0000 1.0000 1.0000 1.0000 1.0000 1.0000 1.0000 1.0000 1.0000 1.0000
        1.0000 1.0000 1.0000 1.0000 1.0000 1.0000 1.0000 1.0000 1.0000 1.0000 1.0000 1.0000
   2020 1.0000 1.0000 1.0000 1.0000 1.0000 1.0000 1.0000 1.0000 1.0000 1.0000 1.0000 1.0000
        1.0000 1.0000 1.0000 1.0000 1.0000 1.0000 1.0000 1.0000 1.0000 1.0000 1.0000 1.0000
        1.0000 1.0000 1.0000 1.0000 1.0000 1.0000 1.0000 1.0000 1.0000 1.0000 1.0000 1.0000
   2021 1.0000 1.0000 1.0000 1.0000 1.0000 1.0000 1.0000 1.0000 1.0000 1.0000 1.0000 1.0000
        1.0000 1.0000 1.0000 1.0000 1.0000 1.0000 1.0000 1.0000 1.0000 1.0000 1.0000 1.0000
        1.0000 1.0000 1.0000 1.0000 1.0000 1.0000 1.0000 1.0000 1.0000 1.0000 1.0000 1.0000
   2022 1.0000 1.0000 1.0000 1.0000 1.0000 1.0000 1.0000 1.0000 1.0000 1.0000 1.0000 1.0000
        1.0000 1.0000 1.0000 1.0000 1.0000 1.0000 1.0000 1.0000 1.0000 1.0000 1.0000 1.0000
        1.0000 1.0000 1.0000 1.0000 1.0000 1.0000 1.0000 1.0000 1.0000 1.0000 1.0000 1.0000
