 NUMERO DE PATAMARES
 XX
  3
ANO   DURACAO MENSAL DOS PATAMARES DE CARGA
      JAN     FEV     MAR     ABR     MAI     JUN     JUL     AGO     SET     OUTNOV     DEZ
      X.XXXX  X.XXXX  X.XXXX  X.XXXX  X.XXXX  X.XXXX  X.XXXX  X.XXXX  X.XXXX  X.XXXX  X.XXXX  X.XXXX
2019  0.2366  0.2377  0.2151  0.2917  0.3548  0.3167  0.3710  0.3548  0.2917  0.3091  0.2225  0.2258
      0.2728  0.2734  0.2594  0.2250  0.1962  0.1931  0.1976  0.1962  0.2250  0.2285  0.2643  0.2661
      0.4906  0.4889  0.5255  0.4833  0.4490  0.4902  0.4314  0.4490  0.4833  0.4624  0.5132  0.5081
2020  0.2366  0.2181  0.2366  0.2778  0.3226  0.3500  0.3710  0.3387  0.2917  0.2823  0.2225  0.2366
      0.2728  0.2611  0.2728  0.2222  0.1935  0.1958  0.1976  0.1949  0.2250  0.2231  0.2643  0.2728
      0.4906  0.5208  0.4906  0.5000  0.4839  0.4542  0.4314  0.4664  0.4833  0.4946  0.5132  0.4906
2021  0.2151  0.2259  0.2473  0.2778  0.3387  0.3500  0.3548  0.3548  0.2917  0.2688  0.2225  0.2473
      0.2594  0.2660  0.2796  0.2222  0.1949  0.1958  0.1962  0.1962  0.2250  0.2204  0.2643  0.2796
      0.5255  0.5081  0.4731  0.5000  0.4664  0.4542  0.4490  0.4490  0.4833  0.5108  0.5132  0.4731
2022  0.2258  0.2377  0.2366  0.2639  0.3548  0.3500  0.3387  0.3710  0.2917  0.2688  0.2225  0.2366
      0.2661  0.2734  0.2728  0.2194  0.1962  0.1958  0.1949  0.1976  0.2250  0.2204  0.2643  0.2728
      0.5081  0.4889  0.4906  0.5167  0.4490  0.4542  0.4664  0.4314  0.4833  0.5108  0.5132  0.4906
2023  0.2366  0.2259  0.2473  0.2500  0.3548  0.3500  0.3387  0.3710  0.2778  0.2823  0.2225  0.2151
      0.2728  0.2660  0.2796  0.2167  0.1962  0.1958  0.1949  0.1976  0.2222  0.2231  0.2643  0.2594
      0.4906  0.5081  0.4731  0.5333  0.4490  0.4542  0.4664  0.4314  0.5000  0.4946  0.5132  0.5255
 SUBSISTEMA
 XXX
    ANO                       CARGA(P.U.DEMANDA MED.)
   XXXX X.XXXX X.XXXX X.XXXX X.XXXX X.XXXX X.XXXX X.XXXX X.XXXX X.XXXX X.XXXX X.XXXX X.XXXX
   1
   2019 1.1521 1.1497 1.1619 1.1527 1.1570 1.1683 1.1546 1.1531 1.1653 1.1446 1.1652 1.1512
        1.0715 1.0662 1.0923 1.0804 1.0531 1.0698 1.0499 1.0565 1.0944 1.0788 1.0888 1.0842
        0.8869 0.8902 0.8882 0.8704 0.8527 0.8638 0.8442 0.8543 0.8563 0.8644 0.8827 0.8887
   2020 1.1520 1.1580 1.1527 1.1598 1.1677 1.1582 1.1538 1.1612 1.1601 1.1512 1.1652 1.1459
        1.0712 1.0720 1.0866 1.0851 1.0648 1.0566 1.0499 1.0633 1.0910 1.0836 1.0888 1.0792
        0.8871 0.8977 0.8782 0.8734 0.8623 0.8537 0.8449 0.8565 0.8610 0.8760 0.8827 0.8856
   2021 1.1622 1.1561 1.1454 1.1591 1.1650 1.1576 1.1570 1.1580 1.1609 1.1588 1.1652 1.1416
        1.0795 1.0708 1.0819 1.0851 1.0598 1.0565 1.0554 1.0577 1.0917 1.0883 1.0888 1.0760
        0.8944 0.8935 0.8756 0.8738 0.8552 0.8542 0.8517 0.8499 0.8602 0.8783 0.8827 0.8811
   2022 1.1592 1.1497 1.1511 1.1636 1.1580 1.1574 1.1642 1.1510 1.1603 1.1583 1.1652 1.1414
        1.0772 1.0661 1.0857 1.0889 1.0531 1.0561 1.0626 1.0510 1.0916 1.0890 1.0888 1.0764
        0.8888 0.8903 0.8795 0.8787 0.8519 0.8545 0.8546 0.8468 0.8606 0.8783 0.8827 0.8893
   2023 1.1525 1.1561 1.1445 1.1711 1.1573 1.1568 1.1652 1.1502 1.1641 1.1548 1.1652 1.1535
        1.0720 1.0708 1.0813 1.0943 1.0528 1.0565 1.0625 1.0510 1.0952 1.0861 1.0888 1.0857
        0.8864 0.8935 0.8764 0.8815 0.8526 0.8548 0.8539 0.8475 0.8665 0.8728 0.8827 0.8949
   2
   2019 1.2252 1.2146 1.2379 1.2087 1.1972 1.2195 1.1927 1.1934 1.2105 1.1956 1.2413 1.2159
        1.0658 1.0618 1.0983 1.0873 1.0806 1.1031 1.0821 1.0829 1.1099 1.0944 1.1036 1.0871
        0.8548 0.8611 0.8541 0.8334 0.8089 0.8176 0.7967 0.8109 0.8218 0.8226 0.8420 0.8584
   2020 1.2251 1.2233 1.2249 1.2204 1.2151 1.2025 1.1913 1.2057 1.2039 1.2066 1.2413 1.2068
        1.0655 1.0665 1.0916 1.0933 1.0928 1.0901 1.0819 1.0915 1.1058 1.0995 1.1036 1.0791
        0.8550 0.8732 0.8406 0.8361 0.8195 0.8051 0.7980 0.8124 0.8277 0.8372 0.8420 0.8563
   2021 1.2427 1.2201 1.2139 1.2196 1.2099 1.2016 1.1973 1.1999 1.2042 1.2186 1.2413 1.2007
        1.0773 1.0649 1.0839 1.0934 1.0885 1.0896 1.0866 1.0865 1.1065 1.1062 1.1036 1.0756
        0.8625 0.8682 0.8386 0.8365 0.8106 0.8060 0.8062 0.8042 0.8272 0.8391 0.8420 0.8504
   2022 1.2374 1.2147 1.2207 1.2262 1.1985 1.2012 1.2088 1.1886 1.2044 1.2189 1.2413 1.2009
        1.0746 1.0618 1.0879 1.0983 1.0808 1.0896 1.0947 1.0789 1.1058 1.1077 1.1036 1.0754
        0.8554 0.8611 0.8447 0.8427 0.8078 0.8063 0.8088 0.8017 0.8274 0.8383 0.8420 0.8612
   2023 1.2264 1.2201 1.2120 1.2391 1.1977 1.2007 1.2101 1.1877 1.2104 1.2131 1.2413 1.2205
        1.0669 1.0649 1.0834 1.1059 1.0804 1.0896 1.0948 1.0786 1.1098 1.1046 1.1036 1.0885
        0.8536 0.8682 0.8399 0.8449 0.8086 0.8067 0.8078 0.8026 0.8343 0.8312 0.8420 0.8661
   3
   2019 1.1138 1.1087 1.1057 1.0998 1.0970 1.1012 1.0911 1.0978 1.1063 1.1005 1.1243 1.1130
        1.0461 1.0482 1.0702 1.0661 1.0424 1.0542 1.0416 1.0462 1.0673 1.0530 1.0550 1.0553
        0.9195 0.9202 0.9221 0.9090 0.9048 0.9133 0.9026 0.9025 0.9045 0.9066 0.9178 0.9208
   2020 1.1135 1.1155 1.0991 1.1041 1.1038 1.0952 1.0906 1.1031 1.1028 1.1039 1.1243 1.1083
        1.0460 1.0539 1.0648 1.0694 1.0505 1.0451 1.0417 1.0518 1.0652 1.0581 1.0550 1.0510
        0.9197 0.9246 0.9162 0.9113 0.9106 0.9072 0.9030 0.9035 0.9076 0.9145 0.9178 0.9194
   2021 1.1205 1.1147 1.0946 1.1034 1.1022 1.0947 1.0923 1.1013 1.1031 1.1085 1.1243 1.1057
        1.0531 1.0525 1.0608 1.0694 1.0471 1.0450 1.0454 1.0477 1.0653 1.0619 1.0550 1.0480
        0.9245 0.9215 0.9146 0.9117 0.9061 0.9076 0.9072 0.8991 0.9074 0.9162 0.9178 0.9164
   2022 1.1193 1.1086 1.0993 1.1062 1.0976 1.0944 1.0967 1.0963 1.1032 1.1088 1.1243 1.1053
        1.0507 1.0482 1.0646 1.0722 1.0425 1.0449 1.0504 1.0430 1.0653 1.0624 1.0550 1.0488
        0.9204 0.9202 0.9162 0.9151 0.9043 0.9079 0.9087 0.8975 0.9073 0.9158 0.9178 0.9221
   2023 1.1146 1.1147 1.0942 1.1114 1.0973 1.0943 1.0972 1.0958 1.1051 1.1071 1.1243 1.1136
        1.0463 1.0525 1.0605 1.0763 1.0425 1.0451 1.0505 1.0426 1.0682 1.0594 1.0550 1.0569
        0.9190 0.9215 0.9150 0.9168 0.9045 0.9079 0.9083 0.8981 0.9113 0.9121 0.9178 0.9254
   4
   2019 1.0479 1.0462 1.0492 1.0523 1.0596 1.0640 1.0495 1.0580 1.0591 1.0487 1.0537 1.0429
        1.0302 1.0330 1.0488 1.0433 1.0155 1.0182 1.0075 1.0100 1.0443 1.0339 1.0331 1.0310
        0.9601 0.9591 0.9558 0.9483 0.9461 0.9515 0.9540 0.9498 0.9437 0.9507 0.9596 0.9647
   2020 1.0477 1.0499 1.0463 1.0549 1.0645 1.0596 1.0489 1.0617 1.0573 1.0513 1.0537 1.0398
        1.0302 1.0368 1.0451 1.0452 1.0218 1.0120 1.0075 1.0134 1.0428 1.0360 1.0331 1.0277
        0.9602 0.9607 0.9526 0.9494 0.9483 0.9489 0.9545 0.9496 0.9455 0.9545 0.9596 0.9654
   2021 1.0522 1.0494 1.0432 1.0542 1.0635 1.0592 1.0503 1.0599 1.0575 1.0541 1.0537 1.0389
        1.0349 1.0357 1.0425 1.0452 1.0191 1.0120 1.0102 1.0109 1.0432 1.0381 1.0331 1.0258
        0.9614 0.9594 0.9523 0.9498 0.9459 0.9492 0.9558 0.9479 0.9452 0.9551 0.9596 0.9644
   2022 1.0514 1.0463 1.0452 1.0562 1.0602 1.0592 1.0535 1.0566 1.0568 1.0541 1.0537 1.0383
        1.0333 1.0330 1.0450 1.0471 1.0156 1.0118 1.0133 1.0077 1.0428 1.0381 1.0331 1.0265
        0.9597 0.9591 0.9532 0.9513 0.9456 0.9493 0.9556 0.9478 0.9458 0.9551 0.9596 0.9668
   2023 1.0485 1.0494 1.0426 1.0600 1.0597 1.0592 1.0540 1.0565 1.0587 1.0532 1.0537 1.0435
        1.0304 1.0357 1.0425 1.0494 1.0156 1.0118 1.0134 1.0072 1.0445 1.0371 1.0331 1.0320
        0.9597 0.9594 0.9526 0.9518 0.9460 0.9493 0.9552 0.9481 0.9476 0.9529 0.9596 0.9664
9999
 SUBSISTEMA
   A ->B
 XXX XXX
    ANO                    INTERCAMBIO(P.U.DEMANDA MED.)
   XXXX X.XXXX X.XXXX X.XXXX X.XXXX X.XXXX X.XXXX X.XXXX X.XXXX X.XXXX X.XXXX X.XXXX X.XXXX
   1   2
   2019 1.0000 1.0000 1.0000 1.0000 1.0000 1.0000 1.0000 1.0000 1.0087 1.0083 1.0092 1.0092
        1.0000 1.0000 1.0000 1.0000 1.0000 1.0000 1.0000 1.0000 1.0087 1.0083 1.0092 1.0092
        1.0000 1.0000 1.0000 1.0000 1.0000 1.0000 1.0000 1.0000 0.9907 0.9903 0.9912 0.9911
   2020 1.0088 1.0094 1.0088 1.0090 1.0087 1.0082 1.0078 1.0084 1.0087 1.0089 1.0092 1.0088
        1.0088 1.0094 1.0088 1.0090 1.0087 1.0082 1.0078 1.0084 1.0087 1.0089 1.0092 1.0088
        0.9908 0.9914 0.9908 0.9910 0.9907 0.9902 0.9898 0.9904 0.9907 0.9909 0.9912 0.9908
   2021 1.0095 1.0092 1.0085 1.0090 1.0084 1.0082 1.0081 1.0081 1.0087 1.0092 1.0092 1.0085
        1.0095 1.0092 1.0085 1.0090 1.0084 1.0082 1.0081 1.0081 1.0087 1.0092 1.0092 1.0085
        0.9914 0.9911 0.9905 0.9910 0.9904 0.9902 0.9901 0.9901 0.9907 0.9912 0.9912 0.9905
   2022 1.0092 1.0088 1.0088 1.0093 1.0081 1.0082 1.0084 1.0078 1.0532 1.0564 1.0567 1.0540
        1.0092 1.0088 1.0088 1.0093 1.0081 1.0082 1.0084 1.0078 1.0532 1.0564 1.0567 1.0540
        0.9911 0.9908 0.9908 0.9913 0.9901 0.9902 0.9904 0.9898 0.9431 0.9460 0.9463 0.9439
   2023 1.0540 1.0561 1.0520 1.0590 1.0492 1.0498 1.0512 1.0472 1.0551 1.0545 1.0567 1.0581
        1.0540 1.0561 1.0520 1.0590 1.0492 1.0498 1.0512 1.0472 1.0551 1.0545 1.0567 1.0581
        0.9439 0.9457 0.9421 0.9484 0.9396 0.9401 0.9414 0.9378 0.9449 0.9443 0.9463 0.9475
   2   1
   2019 1.0000 1.0000 1.0000 1.0000 1.0000 0.5656 0.8058 0.9899 1.0218 1.0208 1.0232 1.0229
        1.0000 1.0000 1.0000 1.0000 1.0000 0.6006 0.8266 1.0043 1.0218 1.0208 1.0232 1.0229
        1.0000 1.0000 1.0000 1.0000 1.0000 1.4380 1.2465 1.0061 0.9767 0.9758 0.9780 0.9778
   2020 1.0259 1.0223 1.0259 1.0161 1.0117 1.0135 1.0194 1.0210 1.0218 1.0223 1.0232 1.0221
        0.8453 0.8423 0.8453 0.8373 0.8336 0.8351 1.0194 1.0210 1.0218 1.0223 1.0232 1.0221
        1.0735 1.0697 1.0735 1.0633 1.0587 1.0606 0.9744 0.9760 0.9767 0.9772 0.9780 0.9770
   2021 1.0217 1.0238 1.0280 1.0161 1.0128 1.0135 1.0202 1.0202 1.0218 1.0231 1.0232 1.0213
        0.8419 0.8436 0.8470 0.8373 0.8345 0.8351 1.0202 1.0202 1.0218 1.0231 1.0232 1.0213
        1.0692 1.0713 1.0758 1.0633 1.0599 1.0606 0.9752 0.9752 0.9767 0.9779 0.9780 0.9763
   2022 1.0238 1.0261 1.0259 1.0148 1.0139 1.0136 1.0210 1.0194 1.0203 1.0214 1.0215 1.0206
        0.8436 0.8455 0.8453 0.8362 0.8354 0.8351 1.0210 1.0194 1.0203 1.0214 1.0215 1.0206
        1.0714 1.0737 1.0735 1.0620 1.0610 1.0606 0.9760 0.9744 0.9783 0.9795 0.9796 0.9786
   2023 1.0830 1.0835 1.0824 1.0778 1.0669 1.0673 0.9824 0.9837 0.9812 0.9814 0.9807 0.9802
        0.9327 0.9332 0.9323 0.9283 0.9189 0.9192 0.9824 0.9837 0.9812 0.9814 0.9807 0.9802
        0.9974 0.9979 0.9969 0.9927 0.9826 0.9830 1.0201 1.0215 1.0188 1.0190 1.0183 1.0178
   1  11
   2019 1.0000 1.0000 1.0000 1.0000 1.0000 1.0000 1.0000 1.0000 1.0000 1.0000 1.0000 1.0000
        1.0000 1.0000 1.0000 1.0000 1.0000 1.0000 1.0000 1.0000 1.0000 1.0000 1.0000 1.0000
        1.0000 1.0000 1.0000 1.0000 1.0000 1.0000 1.0000 1.0000 1.0000 1.0000 1.0000 1.0000
   2020 1.0000 1.0000 1.0000 1.0000 1.0000 1.0000 1.0000 1.0000 1.0000 1.0000 1.0000 1.0000
        1.0000 1.0000 1.0000 1.0000 1.0000 1.0000 1.0000 1.0000 1.0000 1.0000 1.0000 1.0000
        1.0000 1.0000 1.0000 1.0000 1.0000 1.0000 1.0000 1.0000 1.0000 1.0000 1.0000 1.0000
   2021 1.0000 1.0000 1.0000 1.0000 1.0000 1.0000 1.0000 1.0000 1.0000 1.0000 1.0000 1.0000
        1.0000 1.0000 1.0000 1.0000 1.0000 1.0000 1.0000 1.0000 1.0000 1.0000 1.0000 1.0000
        1.0000 1.0000 1.0000 1.0000 1.0000 1.0000 1.0000 1.0000 1.0000 1.0000 1.0000 1.0000
   2022 1.0000 1.0000 1.0000 1.0000 1.0000 1.0000 1.0000 1.0000 1.0000 1.0000 1.0000 1.0000
        1.0000 1.0000 1.0000 1.0000 1.0000 1.0000 1.0000 1.0000 1.0000 1.0000 1.0000 1.0000
        1.0000 1.0000 1.0000 1.0000 1.0000 1.0000 1.0000 1.0000 1.0000 1.0000 1.0000 1.0000
   2023 1.0000 1.0000 1.0000 1.0000 1.0000 1.0000 1.0000 1.0000 1.0000 1.0000 1.0000 1.0000
        1.0000 1.0000 1.0000 1.0000 1.0000 1.0000 1.0000 1.0000 1.0000 1.0000 1.0000 1.0000
        1.0000 1.0000 1.0000 1.0000 1.0000 1.0000 1.0000 1.0000 1.0000 1.0000 1.0000 1.0000
  11   1
   2019 1.0000 1.0000 1.0000 1.0000 1.0000 1.1578 1.0371 1.0000 1.0000 1.0000 1.0000 1.0000
        1.0000 1.0000 1.0000 1.0000 1.0000 1.3106 1.0371 1.0000 1.0000 1.0000 1.0000 1.0000
        1.0000 1.0000 1.0000 1.0000 1.0000 0.7757 0.9511 1.0000 1.0000 1.0000 1.0000 1.0000
   2020 1.0000 1.0000 1.0000 1.0000 1.0000 1.0000 1.0000 1.0000 1.0000 1.0000 1.0000 1.0000
        1.0000 1.0000 1.0000 1.0000 1.0000 1.0000 1.0000 1.0000 1.0000 1.0000 1.0000 1.0000
        1.0000 1.0000 1.0000 1.0000 1.0000 1.0000 1.0000 1.0000 1.0000 1.0000 1.0000 1.0000
   2021 1.0000 1.0000 1.0000 1.0000 1.0000 1.0000 1.0000 1.0000 1.0000 1.0000 1.0000 1.0000
        1.0000 1.0000 1.0000 1.0000 1.0000 1.0000 1.0000 1.0000 1.0000 1.0000 1.0000 1.0000
        1.0000 1.0000 1.0000 1.0000 1.0000 1.0000 1.0000 1.0000 1.0000 1.0000 1.0000 1.0000
   2022 1.0000 1.0000 1.0000 1.0000 1.0000 1.0000 1.0000 1.0000 1.0000 1.0000 1.0000 1.0000
        1.0000 1.0000 1.0000 1.0000 1.0000 1.0000 1.0000 1.0000 1.0000 1.0000 1.0000 1.0000
        1.0000 1.0000 1.0000 1.0000 1.0000 1.0000 1.0000 1.0000 1.0000 1.0000 1.0000 1.0000
   2023 1.0000 1.0000 1.0000 1.0000 1.0000 1.0000 1.0000 1.0000 1.0000 1.0000 1.0000 1.0000
        1.0000 1.0000 1.0000 1.0000 1.0000 1.0000 1.0000 1.0000 1.0000 1.0000 1.0000 1.0000
        1.0000 1.0000 1.0000 1.0000 1.0000 1.0000 1.0000 1.0000 1.0000 1.0000 1.0000 1.0000
   3  11
   2019 1.0000 1.0000 1.0000 1.0000 1.0000 1.0000 1.0000 1.0000 1.0000 1.0000 1.0000 1.0000
        1.0000 1.0000 1.0000 1.0000 1.0000 1.0000 1.0000 1.0000 1.0000 1.0000 1.0000 1.0000
        1.0000 1.0000 1.0000 1.0000 1.0000 1.0000 1.0000 1.0000 1.0000 1.0000 1.0000 1.0000
   2020 1.0000 1.0000 1.0000 1.0000 1.0000 1.0000 1.0000 1.0000 1.0000 1.0000 1.0000 1.0000
        1.0000 1.0000 1.0000 1.0000 1.0000 1.0000 1.0000 1.0000 1.0000 1.0000 1.0000 1.0000
        1.0000 1.0000 1.0000 1.0000 1.0000 1.0000 1.0000 1.0000 1.0000 1.0000 1.0000 1.0000
   2021 1.0000 1.0000 1.0000 1.0000 1.0000 1.0000 1.0000 1.0000 1.0000 1.0000 1.0000 1.0000
        1.0000 1.0000 1.0000 1.0000 1.0000 1.0000 1.0000 1.0000 1.0000 1.0000 1.0000 1.0000
        1.0000 1.0000 1.0000 1.0000 1.0000 1.0000 1.0000 1.0000 1.0000 1.0000 1.0000 1.0000
   2022 1.0000 1.0000 1.0000 1.0000 1.0000 1.0000 1.0000 1.0000 1.0000 1.0000 1.0000 1.0000
        1.0000 1.0000 1.0000 1.0000 1.0000 1.0000 1.0000 1.0000 1.0000 1.0000 1.0000 1.0000
        1.0000 1.0000 1.0000 1.0000 1.0000 1.0000 1.0000 1.0000 1.0000 1.0000 1.0000 1.0000
   2023 1.0000 1.0000 1.0000 1.0000 1.0000 1.0000 1.0000 1.0000 1.0000 1.0000 1.0000 1.0000
        1.0000 1.0000 1.0000 1.0000 1.0000 1.0000 1.0000 1.0000 1.0000 1.0000 1.0000 1.0000
        1.0000 1.0000 1.0000 1.0000 1.0000 1.0000 1.0000 1.0000 1.0000 1.0000 1.0000 1.0000
  11   3
   2019 1.0000 1.0000 1.0000 1.0000 1.0000 1.0000 1.0000 1.0000 1.0000 1.0000 1.0000 1.0000
        1.0000 1.0000 1.0000 1.0000 1.0000 1.0000 1.0000 1.0000 1.0000 1.0000 1.0000 1.0000
        1.0000 1.0000 1.0000 1.0000 1.0000 1.0000 1.0000 1.0000 1.0000 1.0000 1.0000 1.0000
   2020 1.0000 1.0000 1.0000 1.0000 1.0000 1.0000 1.0000 1.0000 1.0000 1.0000 1.0000 1.0000
        1.0000 1.0000 1.0000 1.0000 1.0000 1.0000 1.0000 1.0000 1.0000 1.0000 1.0000 1.0000
        1.0000 1.0000 1.0000 1.0000 1.0000 1.0000 1.0000 1.0000 1.0000 1.0000 1.0000 1.0000
   2021 1.0000 1.0000 1.0000 1.0000 1.0000 1.0000 1.0000 1.0000 1.0000 1.0000 1.0000 1.0000
        1.0000 1.0000 1.0000 1.0000 1.0000 1.0000 1.0000 1.0000 1.0000 1.0000 1.0000 1.0000
        1.0000 1.0000 1.0000 1.0000 1.0000 1.0000 1.0000 1.0000 1.0000 1.0000 1.0000 1.0000
   2022 1.0000 1.0000 1.0000 1.0000 1.0000 1.0000 1.0000 1.0000 1.0000 1.0000 1.0000 1.0000
        1.0000 1.0000 1.0000 1.0000 1.0000 1.0000 1.0000 1.0000 1.0000 1.0000 1.0000 1.0000
        1.0000 1.0000 1.0000 1.0000 1.0000 1.0000 1.0000 1.0000 1.0000 1.0000 1.0000 1.0000
   2023 1.0000 1.0000 1.0000 1.0000 1.0000 1.0000 1.0000 1.0000 1.0000 1.0000 1.0000 1.0000
        1.0000 1.0000 1.0000 1.0000 1.0000 1.0000 1.0000 1.0000 1.0000 1.0000 1.0000 1.0000
        1.0000 1.0000 1.0000 1.0000 1.0000 1.0000 1.0000 1.0000 1.0000 1.0000 1.0000 1.0000
   4  11
   2019 1.0000 1.0000 1.0000 1.0000 1.0000 1.0000 1.0000 1.0000 1.0000 1.0000 1.0000 1.0000
        1.0000 1.0000 1.0000 1.0000 1.0000 1.0000 1.0000 1.0000 1.0000 1.0000 1.0000 1.0000
        1.0000 1.0000 1.0000 1.0000 1.0000 1.0000 1.0000 1.0000 1.0000 1.0000 1.0000 1.0000
   2020 1.0000 1.0000 1.0000 1.0000 1.0000 1.0000 1.0000 1.0000 1.0000 1.0000 1.0000 1.0000
        1.0000 1.0000 1.0000 1.0000 1.0000 1.0000 1.0000 1.0000 1.0000 1.0000 1.0000 1.0000
        1.0000 1.0000 1.0000 1.0000 1.0000 1.0000 1.0000 1.0000 1.0000 1.0000 1.0000 1.0000
   2021 1.0000 1.0000 1.0000 1.0000 1.0000 1.0000 1.0000 1.0000 1.0000 1.0000 1.0000 1.0000
        1.0000 1.0000 1.0000 1.0000 1.0000 1.0000 1.0000 1.0000 1.0000 1.0000 1.0000 1.0000
        1.0000 1.0000 1.0000 1.0000 1.0000 1.0000 1.0000 1.0000 1.0000 1.0000 1.0000 1.0000
   2022 1.0000 1.0000 1.0000 1.0000 1.0000 1.0000 1.0000 1.0000 1.0000 1.0000 1.0000 1.0000
        1.0000 1.0000 1.0000 1.0000 1.0000 1.0000 1.0000 1.0000 1.0000 1.0000 1.0000 1.0000
        1.0000 1.0000 1.0000 1.0000 1.0000 1.0000 1.0000 1.0000 1.0000 1.0000 1.0000 1.0000
   2023 1.0000 1.0000 1.0000 1.0000 1.0000 1.0000 1.0000 1.0000 1.0000 1.0000 1.0000 1.0000
        1.0000 1.0000 1.0000 1.0000 1.0000 1.0000 1.0000 1.0000 1.0000 1.0000 1.0000 1.0000
        1.0000 1.0000 1.0000 1.0000 1.0000 1.0000 1.0000 1.0000 1.0000 1.0000 1.0000 1.0000
  11   4
   2019 1.0000 1.0000 1.0000 1.0000 1.0000 1.0818 1.0631 1.0736 1.0748 1.0611 1.0676 1.0542
        1.0000 1.0000 1.0000 1.0000 1.0000 1.0232 1.0096 1.0127 1.0561 1.0425 1.0417 1.0392
        1.0000 1.0000 1.0000 1.0000 1.0000 0.9380 0.9414 0.9363 0.9288 0.9381 0.9493 0.9554
   2020 1.0599 1.0624 1.0577 1.0684 1.0804 1.0750 1.0614 1.0766 1.0709 1.0637 1.0668 1.0497
        1.0379 1.0460 1.0562 1.0563 1.0272 1.0151 1.0094 1.0166 1.0530 1.0447 1.0412 1.0346
        0.9500 0.9508 0.9409 0.9370 0.9355 0.9357 0.9429 0.9375 0.9325 0.9435 0.9498 0.9568
   2021 1.0649 1.0613 1.0534 1.0669 1.0785 1.0738 1.0626 1.0737 1.0706 1.0666 1.0663 1.0482
        1.0434 1.0443 1.0525 1.0558 1.0236 1.0150 1.0127 1.0134 1.0530 1.0469 1.0409 1.0320
        0.9520 0.9496 0.9411 0.9380 0.9331 0.9367 0.9450 0.9359 0.9327 0.9447 0.9502 0.9559
   2022 1.0634 1.0569 1.0553 1.0688 1.0738 1.0731 1.0659 1.0690 1.0691 1.0660 1.0657 1.0470
        1.0411 1.0405 1.0551 1.0576 1.0191 1.0146 1.0164 1.0094 1.0521 1.0465 1.0405 1.0325
        0.9503 0.9497 0.9427 0.9404 0.9333 0.9374 0.9453 0.9363 0.9340 0.9452 0.9507 0.9592
   2023 1.0589 1.0598 1.0514 1.0723 1.0721 1.0720 1.0655 1.0679 1.0704 1.0640 1.0647 1.0526
        1.0369 1.0432 1.0513 1.0596 1.0188 1.0143 1.0163 1.0087 1.0534 1.0446 1.0399 1.0387
        0.9511 0.9508 0.9428 0.9419 0.9348 0.9384 0.9456 0.9376 0.9372 0.9434 0.9514 0.9594
   1   3
   2019 1.0000 1.0000 1.0000 1.0000 1.0000 1.0000 1.0000 1.0000 1.0000 1.0000 1.0000 1.0000
        1.0000 1.0000 1.0000 1.0000 1.0000 1.0000 1.0000 1.0000 1.0000 1.0000 1.0000 1.0000
        1.0000 1.0000 1.0000 1.0000 1.0000 1.0000 1.0000 1.0000 1.0000 1.0000 1.0000 1.0000
   2020 1.0000 1.0000 1.0000 1.0000 1.0000 1.0000 1.0000 1.0000 1.0000 1.0000 1.0000 1.0000
        1.0000 1.0000 1.0000 1.0000 1.0000 1.0000 1.0000 1.0000 1.0000 1.0000 1.0000 1.0000
        1.0000 1.0000 1.0000 1.0000 1.0000 1.0000 1.0000 1.0000 1.0000 1.0000 1.0000 1.0000
   2021 1.0000 1.0000 1.0000 1.0000 1.0000 1.0000 1.0000 1.0000 1.0000 1.0000 1.0000 1.0000
        1.0000 1.0000 1.0000 1.0000 1.0000 1.0000 1.0000 1.0000 1.0000 1.0000 1.0000 1.0000
        1.0000 1.0000 1.0000 1.0000 1.0000 1.0000 1.0000 1.0000 1.0000 1.0000 1.0000 1.0000
   2022 1.0000 1.0000 1.0000 1.0000 1.0000 1.0000 1.0000 1.0000 1.0000 1.0000 1.0000 1.0000
        1.0000 1.0000 1.0000 1.0000 1.0000 1.0000 1.0000 1.0000 1.0000 1.0000 1.0000 1.0000
        1.0000 1.0000 1.0000 1.0000 1.0000 1.0000 1.0000 1.0000 1.0000 1.0000 1.0000 1.0000
   2023 1.0000 1.0000 1.0000 1.0000 1.0000 1.0000 1.0000 1.0000 1.0000 1.0000 1.0000 1.0000
        1.0000 1.0000 1.0000 1.0000 1.0000 1.0000 1.0000 1.0000 1.0000 1.0000 1.0000 1.0000
        1.0000 1.0000 1.0000 1.0000 1.0000 1.0000 1.0000 1.0000 1.0000 1.0000 1.0000 1.0000
   3   1
   2019 1.0000 1.0000 1.0000 1.0000 1.0000 1.0000 1.0000 1.0000 1.0000 1.0000 1.0000 1.0000
        1.0000 1.0000 1.0000 1.0000 1.0000 1.0000 1.0000 1.0000 1.0000 1.0000 1.0000 1.0000
        1.0000 1.0000 1.0000 1.0000 1.0000 1.0000 1.0000 1.0000 1.0000 1.0000 1.0000 1.0000
   2020 1.0000 1.0000 1.0000 1.0000 1.0000 1.0000 1.0000 1.0000 1.0000 1.0000 1.0000 1.0000
        1.0000 1.0000 1.0000 1.0000 1.0000 1.0000 1.0000 1.0000 1.0000 1.0000 1.0000 1.0000
        1.0000 1.0000 1.0000 1.0000 1.0000 1.0000 1.0000 1.0000 1.0000 1.0000 1.0000 1.0000
   2021 1.0000 1.0000 1.0000 1.0000 1.0000 1.0000 1.0000 1.0000 1.0000 1.0000 1.0000 1.0000
        1.0000 1.0000 1.0000 1.0000 1.0000 1.0000 1.0000 1.0000 1.0000 1.0000 1.0000 1.0000
        1.0000 1.0000 1.0000 1.0000 1.0000 1.0000 1.0000 1.0000 1.0000 1.0000 1.0000 1.0000
   2022 1.0000 1.0000 1.0200 1.0211 1.0183 1.0185 1.0190 1.0176 1.0197 1.0209 1.0210 1.0200
        1.0000 1.0000 1.0200 1.0211 1.0183 1.0185 1.0190 1.0176 1.0197 1.0209 1.0210 1.0200
        1.0000 1.0000 0.9792 0.9803 0.9776 0.9778 0.9783 0.9769 0.9789 0.9800 0.9801 0.9792
   2023 1.0200 1.0207 1.0193 1.0465 1.0389 1.0393 1.0404 1.0373 1.0435 1.0430 1.0447 1.0458
        1.0200 1.0207 1.0193 1.0465 1.0389 1.0393 1.0404 1.0373 1.0435 1.0430 1.0447 1.0458
        0.9792 0.9799 0.9785 0.9593 0.9523 0.9527 0.9537 0.9508 0.9565 0.9561 0.9576 0.9586
   1   4
   2019 1.0000 1.0000 1.0000 1.0000 1.0000 1.0000 1.0000 1.0000 1.0000 1.0000 1.0000 1.0000
        1.0000 1.0000 1.0000 1.0000 1.0000 1.0000 1.0000 1.0000 1.0000 1.0000 1.0000 1.0000
        1.0000 1.0000 1.0000 1.0000 1.0000 1.0000 1.0000 1.0000 1.0000 1.0000 1.0000 1.0000
   2020 1.0000 1.0000 1.0000 1.0000 1.0000 1.0000 1.0000 1.0000 1.0000 1.0000 1.0000 1.0000
        1.0000 1.0000 1.0000 1.0000 1.0000 1.0000 1.0000 1.0000 1.0000 1.0000 1.0000 1.0000
        1.0000 1.0000 1.0000 1.0000 1.0000 1.0000 1.0000 1.0000 1.0000 1.0000 1.0000 1.0000
   2021 1.0000 1.0000 1.0000 1.0000 1.0000 1.0000 1.0000 1.0000 1.0000 1.0000 1.0000 1.0000
        1.0000 1.0000 1.0000 1.0000 1.0000 1.0000 1.0000 1.0000 1.0000 1.0000 1.0000 1.0000
        1.0000 1.0000 1.0000 1.0000 1.0000 1.0000 1.0000 1.0000 1.0000 1.0000 1.0000 1.0000
   2022 1.0000 1.0000 1.0000 1.0000 1.0000 1.0000 1.0000 1.0000 1.0000 1.0000 1.0000 1.0000
        1.0000 1.0000 1.0000 1.0000 1.0000 1.0000 1.0000 1.0000 1.0000 1.0000 1.0000 1.0000
        1.0000 1.0000 1.0000 1.0000 1.0000 1.0000 1.0000 1.0000 1.0000 1.0000 1.0000 1.0000
   2023 1.0000 1.0000 1.0000 1.0209 1.0176 1.0178 1.0183 1.0169 1.0196 1.0194 1.0201 1.0206
        1.0000 1.0000 1.0000 1.0209 1.0176 1.0178 1.0182 1.0167 1.0196 1.0193 1.0202 1.0206
        1.0000 1.0000 1.0000 0.9817 0.9784 0.9786 0.9791 0.9778 0.9804 0.9802 0.9809 0.9814
   4   1
   2019 1.0000 1.0000 1.0000 1.0000 1.0000 1.0000 1.0000 1.1082 1.1174 1.1118 1.1256 1.1242
        1.0000 1.0000 1.0000 1.0000 1.0000 1.0000 1.0000 1.1080 1.1174 1.1116 1.1255 1.1241
        1.0000 1.0000 1.0000 1.0000 1.0000 1.0000 1.0000 0.8673 0.8745 0.8701 0.8809 0.8798
   2020 1.0000 1.0000 1.0000 1.0000 1.0000 1.0000 1.1035 1.1128 1.1174 1.1205 1.1256 1.1194
        1.0000 1.0000 1.0000 1.0000 1.0000 1.0000 1.1035 1.1129 1.1174 1.1204 1.1255 1.1194
        1.0000 1.0000 1.0000 1.0000 1.0000 1.0000 0.8636 0.8709 0.8745 0.8769 0.8809 0.8760
   2021 1.0000 1.0000 1.0000 1.0000 1.0000 1.0000 1.1082 1.1082 1.1174 1.1249 1.1256 1.1146
        1.0000 1.0000 1.0000 1.0000 1.0000 1.0000 1.1080 1.1080 1.1174 1.1249 1.1255 1.1147
        1.0000 1.0000 1.0000 1.0000 1.0000 1.0000 0.8673 0.8673 0.8745 0.8804 0.8809 0.8723
   2022 1.0000 1.0000 1.0000 1.0000 1.0000 1.0000 1.1128 1.1035 1.1174 1.1249 1.1256 1.1194
        1.0000 1.0000 1.0000 1.0000 1.0000 1.0000 1.1129 1.1035 1.1174 1.1249 1.1255 1.1194
        1.0000 1.0000 1.0000 1.0000 1.0000 1.0000 0.8709 0.8636 0.8745 0.8804 0.8809 0.8760
   2023 1.0000 1.0000 1.0000 1.0000 1.0000 1.0000 1.0000 1.0000 1.0000 1.0000 1.0000 1.0000
        1.0000 1.0000 1.0000 1.0000 1.0000 1.0000 1.0000 1.0000 1.0000 1.0000 1.0000 1.0000
        1.0000 1.0000 1.0000 1.0000 1.0000 1.0000 1.0000 1.0000 1.0000 1.0000 1.0000 1.0000
