 PATAMAR DE DEFICIT
 NUMERO DE PATAMARES DE DEFICIT
 XXX
   1
 CUSTO DO DEFICIT
 NUM|NOME SSIS.|    CUSTO DE DEFICIT POR PATAMAR  | P.U. CORTE POR PATAMAR|
 XXX|XXXXXXXXXX| F|XXXX.XX XXXX.XX XXXX.XX XXXX.XX|X.XXX X.XXX X.XXX X.XXX|
 1   SUDESTE     0 4944.89 0000.00 0000.00 0000.00 1.000 0.000 0.000 0.000
 2   SUL         0 4944.89 0000.00 0000.00 0000.00 1.000 0.000 0.000 0.000
 3   NORDESTE    0 4944.89 0000.00 0000.00 0000.00 1.000 0.000 0.000 0.000
 4   NORTE       0 4944.89 0000.00 0000.00 0000.00 1.000 0.000 0.000 0.000
 11  NOFICT1     1
 999
 LIMITES DE INTERCAMBIO
 A   B   A->B    B->A
 XXX XXX XJAN. XXXFEV. XXXMAR. XXXABR. XXXMAI. XXXJUN. XXXJUL. XXXAGO. XXXSET. XXXOUT.XXXNOV. XXXDEZ.
   1   2               0
2019        0.      0.      0.      0.      0.   8400.   8400.   8400.  11103.  11108.  11097.  11098.
2020    11102.  11096.  11102.  11100.  11103.  11109.  11114.  11107.  11103.  11101.  11097.  11102.
2021    11095.  11099.  11105.  11100.  11107.  11109.  11110.  11110.  11103.  11098.  11097.  11105.
2022    11098.  11102.  11102.  11097.  11110.  11109.  11107.  11114.  12723.  12685.  12681.  12713.
2023    12713.  12690.  12738.  12653.  12772.  12764.  12747.  12796.  12700.  12708.  12681.  12664.
   2   1
2019        0.      0.      0.      0.      0.   2281.   3835.   5546.   6655.   6661.   6646.   6648.
2020     3987.   4001.   3987.   4025.   4043.   4035.   6671.   6660.   6655.   6652.   6646.   6653.
2021     4003.   3995.   3979.   4025.   4038.   4035.   6665.   6665.   6655.   6647.   6646.   6658.
2022     3995.   3986.   3987.   4030.   4034.   4035.   6660.   6671.   7155.   7147.   7146.   7153.
2023     4792.   4790.   4795.   4815.   4865.   4863.   7431.   7421.   7440.   7439.   7444.   7447.
   1  11               0
2019        0.      0.      0.      0.      0.   4000.   4000.   4000.   4000.   4000.   4000.   4000.
2020     4000.   4000.   4000.   4000.   4000.   4000.   4000.   4000.   4000.   4000.   4000.   4000.
2021     4000.   4000.   4000.   4000.   4000.   4000.   4000.   4000.   4000.   4000.   4000.   4000.
2022     4000.   4000.   4000.   4000.   4000.   4000.   4000.   4000.   4000.   4000.   4000.   4000.
2023     4000.   4000.   4000.   4000.   4000.   4000.   4000.   4000.   4000.   4000.   4000.   4000.
  11   1               0
2019        0.      0.      0.      0.      0.   1309.   3486.   3615.   3615.   3615.   3257.   3257.
2020     3257.   3257.   3257.   3257.   3615.   3615.   3615.   3615.   3615.   3615.   3257.   3257.
2021     3257.   3257.   3257.   3257.   3615.   3615.   3615.   3615.   3615.   3615.   3257.   3257.
2022     3257.   3257.   3257.   3257.   3615.   3615.   3615.   3615.   3615.   3615.   3257.   3257.
2023     3257.   3257.   3257.   4557.   4915.   4915.   4915.   4915.   4915.   4915.   4557.   4557.
   3  11               0
2019        0.      0.      0.      0.      0.   5500.   5500.   5500.   5500.   5500.   5500.   5500.
2020     5500.   5500.   5500.   5500.   5500.   5500.   5500.   5500.   5500.   5500.   5500.   5500.
2021     5500.   5500.   5500.   5500.   5500.   6500.   6500.   6500.   6500.   6500.   6500.   6500.
2022     6500.   6500.   6500.   6500.   6500.   6500.   6500.   6500.   6500.   6500.   6500.   6500.
2023     6500.   6500.   6500.   7300.   7300.   7300.   7300.   7300.   7300.   7300.   7300.   7300.
  11   3               0
2019        0.      0.      0.      0.      0.   5000.   5000.   5000.   5000.   5000.   5000.   5000.
2020     5000.   5000.   5000.   5000.   5000.   5000.   5000.   5000.   5000.   5000.   5000.   5000.
2021     5000.   5000.   5000.   5000.   5000.   6500.   6500.   6500.   6500.   6500.   6500.   6500.
2022     6500.   6500.   6500.   6500.   6500.   6500.   6500.   6500.   6500.   6500.   6500.   6500.
2023     6500.   6500.   6500.   7300.   7300.   7300.   7300.   7300.   7300.   7300.   7300.   7300.
   4  11               0
2019        0.      0.      0.      0.      0.  99999.  99999.  99999.  99999.  99999.  99999.  99999.
2020    99999.  99999.  99999.  99999.  99999.  99999.  99999.  99999.  99999.  99999.  99999.  99999.
2021    99999.  99999.  99999.  99999.  99999.  99999.  99999.  99999.  99999.  99999.  99999.  99999.
2022    99999.  99999.  99999.  99999.  99999.  99999.  99999.  99999.  99999.  99999.  99999.  99999.
2023    99999.  99999.  99999.  99999.  99999.  99999.  99999.  99999.  99999.  99999.  99999.  99999.
  11   4               0
2019        0.      0.      0.      0.      0.   4317.   4382.   4469.   4520.   4706.   4667.   4554.
2020     4701.   4765.   4870.   4886.   4852.   4658.   4697.   4982.   5046.   4963.   4922.   4802.
2021     4919.   4985.   5094.   5110.   5075.   4874.   4914.   5210.   5277.   5190.   5148.   5023.
2022     5164.   5233.   5345.   5363.   5326.   5117.   5159.   5466.   5536.   5446.   5402.   5273.
2023     5618.   5691.   5812.   5831.   5791.   5568.   5612.   5942.   6016.   5919.   5873.   5734.
   1   3               0
2019        0.      0.      0.      0.      0.    850.    850.    730.    730.    730.    900.    900.
2020      830.    830.    830.    830.    830.    560.   1500.   1500.   1500.   1500.   1500.   1500.
2021     1500.   1500.   1500.   1500.   1500.   3000.   3000.   3000.   3000.   3000.   3000.   3000.
2022     3000.   3000.   4000.   4000.   4000.   4000.   4000.   4000.   4000.   4000.   4000.   4000.
2023     4000.   4000.   4000.   4000.   4000.   4000.   4000.   4000.   4000.   4000.   4000.   4000.
   3   1               0
2019        0.      0.      0.      0.      0.   1000.   1000.   1000.   1000.   1000.   1000.   1000.
2020     1000.   1000.   1000.   1000.   1000.   1000.   1200.   1200.   1200.   1200.   1200.   1200.
2021     1200.   1200.   1200.   1200.   1200.   2000.   2000.   2000.   2000.   2000.   2000.   2000.
2022     2000.   2000.   4902.   4897.   4910.   4909.   4907.   4914.   4903.   4898.   4897.   4902.
2023     4902.   4899.   4905.   5733.   5776.   5773.   5767.   5784.   5750.   5753.   5743.   5737.
   1   4               0
2019        0.      0.      0.      0.      0.   1000.   1000.   1000.   1000.   2500.   2500.   2500.
2020     2500.   2500.   2500.   2500.   2500.   2500.   2500.   2500.   2500.   2500.   2500.   2500.
2021     2500.   2500.   2500.   2500.   2500.   2500.   2500.   2500.   2500.   2500.   2500.   2500.
2022     2500.   2500.   2500.   2500.   2500.   2500.   2500.   2500.   2500.   2500.   2500.   2500.
2023     2500.   2500.   2500.   5093.   5110.   5109.   5107.   5114.   5100.   5101.   5097.   5095.
   4   1               0
2019        0.      0.      0.      0.      0.   4000.   4000.   2076.   2058.   2069.   2043.   2046.
2020     8000.   8000.   8000.   8000.   8000.   8000.   2084.   2067.   2058.   2053.   2043.   2055.
2021     8000.   8000.   8000.   8000.   8000.   8000.   2076.   2076.   2058.   2045.   2043.   2063.
2022     8000.   8000.   8000.   8000.   8000.   8000.   2067.   2084.   2058.   2045.   2043.   2055.
2023     8000.   8000.   8000.   8000.   8000.   8000.   4000.   4000.   4000.   4000.   4000.   4000.
 999
 MERCADO DE ENERGIA TOTAL
 XXX
       XXXJAN. XXXFEV. XXXMAR. XXXABR. XXXMAI. XXXJUN. XXXJUL. XXXAGO. XXXSET. XXXOUT.XXXNOV. XXXDEZ.
   1
2019        0.      0.      0.      0.      0.  38215.  38141.  39164.  40004.  40676.  39992.  40005.
2020    42259.  43961.  42995.  41525.  40114.  39451.  39374.  40431.  41298.  41991.  41285.  41299.
2021    43680.  45439.  44441.  42921.  41464.  40778.  40699.  41791.  42687.  43404.  42674.  42688.
2022    45169.  46988.  45956.  44384.  42877.  42167.  42085.  43215.  44142.  44883.  44128.  44143.
2023    46753.  48635.  47567.  45940.  44380.  43646.  43561.  44730.  45689.  46457.  45675.  45690.
POS     46753.  48635.  47567.  45940.  44380.  43646.  43561.  44730.  45689.  46457.  45675.  45690.
   2
2019        0.      0.      0.      0.      0.  11344.  11418.  11541.  11400.  11620.  11887.  12021.
2020    13073.  13575.  12838.  11934.  11666.  11705.  11857.  11895.  11749.  11976.  12251.  12389.
2021    13568.  14089.  13324.  12385.  12107.  12147.  12305.  12345.  12194.  12429.  12715.  12858.
2022    14086.  14627.  13833.  12858.  12570.  12612.  12776.  12817.  12660.  12904.  13201.  13349.
2023    14623.  15184.  14360.  13348.  13048.  13092.  13262.  13305.  13142.  13396.  13703.  13858.
POS     14623.  15184.  14360.  13348.  13048.  13092.  13262.  13305.  13142.  13396.  13703.  13858.
   3
2019        0.      0.      0.      0.      0.  10728.  10603.  10881.  11168.  11457.  11587.  11583.
2020    11955.  11968.  12183.  11980.  11695.  11391.  11213.  11379.  11679.  11981.  12117.  12113.
2021    12474.  12488.  12712.  12501.  12203.  11886.  11700.  11873.  12186.  12502.  12643.  12639.
2022    13035.  13049.  13283.  13063.  12752.  12420.  12226.  12407.  12734.  13064.  13211.  13207.
2023    13617.  13632.  13877.  13647.  13322.  12975.  12772.  12961.  13303.  13648.  13802.  13797.
POS     13617.  13632.  13877.  13647.  13322.  12975.  12772.  12961.  13303.  13648.  13802.  13797.
   4
2019        0.      0.      0.      0.      0.   5517.   5582.   5669.   5720.   5906.   5868.   5753.
2020     5901.   5964.   6070.   6086.   6052.   5858.   5897.   6182.   6246.   6162.   6123.   6002.
2021     6119.   6184.   6294.   6310.   6275.   6074.   6114.   6410.   6476.   6390.   6349.   6224.
2022     6364.   6432.   6545.   6563.   6526.   6317.   6359.   6666.   6736.   6645.   6603.   6472.
2023     6818.   6891.   7012.   7031.   6991.   6768.   6812.   7142.   7216.   7119.   7074.   6934.
POS      6818.   6891.   7012.   7031.   6991.   6768.   6812.   7142.   7216.   7119.   7074.   6934.
 999
 GERACAO DE USINAS NAO SIMULADAS
 XXX
       XXXJAN. XXXFEV. XXXMAR. XXXABR. XXXMAI. XXXJUN. XXXJUL. XXXAGO. XXXSET. XXXOUT.XXXNOV. XXXDEZ.
   1
2019        0.      0.      0.      0.      0.   5873.   5830.   5741.   5540.   5287.   5186.   4434.
2020     3316.   3462.   3935.   5210.   5870.   6000.   5922.   5822.   5620.   5376.   5288.   4538.
2021     3389.   3519.   3980.   5279.   5950.   6072.   5990.   5916.   5713.   5451.   5346.   4597.
2022     3497.   3611.   4077.   5367.   6027.   6147.   6066.   5963.   5765.   5497.   5394.   4644.
2023     3499.   3613.   4087.   5399.   6073.   6199.   6120.   6018.   5816.   5545.   5430.   4661.
   2
2019        0.      0.      0.      0.      0.   2128.   2139.   2030.   2173.   2448.   2238.   1993.
2020     2042.   1670.   1737.   1876.   1954.   2150.   2164.   2063.   2219.   2506.   2288.   2038.
2021     2097.   1718.   1791.   1933.   2012.   2210.   2210.   2097.   2252.   2545.   2341.   2086.
2022     2164.   1786.   1857.   1987.   2080.   2287.   2280.   2158.   2312.   2618.   2391.   2128.
2023     2194.   1801.   1872.   2001.   2081.   2289.   2284.   2162.   2317.   2624.   2397.   2133.
   3
2019        0.      0.      0.      0.      0.   6825.   7647.   8137.   8560.   7685.   7306.   5995.
2020     5591.   4829.   4319.   5093.   5941.   7042.   7887.   8372.   8798.   7891.   7511.   6188.
2021     5882.   5051.   4531.   5303.   6128.   7251.   8117.   8614.   9052.   8125.   7709.   6348.
2022     6025.   5166.   4643.   5418.   6255.   7384.   8375.   8886.   9337.   8385.   7948.   6557.
2023     6324.   5415.   4863.   5687.   6572.   7769.   8713.   9760.  10250.   9194.   8712.   7174.
   4
2019        0.      0.      0.      0.      0.    294.    309.    366.    402.    385.    418.    324.
2020      319.    227.    275.    213.    221.    294.    309.    366.    402.    385.    418.    324.
2021      319.    233.    280.    224.    232.    303.    317.    374.    410.    394.    428.    335.
2022      331.    239.    287.    225.    232.    303.    317.    374.    410.    394.    428.    335.
2023      331.    239.    287.    225.    232.    303.    317.    374.    410.    394.    428.    335.
 999
